Epoch,EpRet/Mean,EpRet/Std,EpRet/Min,EpRet/Max,EpCosts/Mean,EpCosts/Std,EpCosts/Min,EpCosts/Max,EpLen/Mean,EpLen/Min,EpLen/Max,Values/V/Mean,Values/V/Min,Values/V/Max,Values/Adv/Mean,Values/Adv/Min,Values/Adv/Max,Loss/Pi,Loss/Value,Loss/DeltaPi,Loss/DeltaValue,Entropy,KL,Misc/StopIter,Misc/Seed,PolicyRatio,LR,Misc/RewScaleMean,Misc/RewScaleStddev,Misc/ExplorationNoiseStd,TotalEnvSteps,Time,FPS
1,-106.24338,2.858034,-129.41881,-103.16448,0.0,0.0,0.0,0.0,46.594917,20.0,176.0,0.10826878,-0.14200895,0.36250854,-4.9341145,-10.295887,0.07536381,4.934114,30.387156,-0.034043208,-19.009796,0.7436313,0.0011349993,80.0,1,0.99389285,0.0003,-79.61099243164062,17.96235466003418,0.508999994180536,64000,2,27933
2,-106.21636,2.8619032,-134.8296,-103.24271,0.0,0.0,0.0,0.0,46.55772,21.0,215.0,-1.1288362,-5.6695175,6.209501,-1.7859417,-11.146155,2.9166672,1.7859418,6.6268597,-0.040439487,-4.299081,0.7416686,0.0020118915,80.0,1,0.9879632,0.00029939999999999996,-79.53657531738281,18.086212158203125,0.5080020093473719,128000,4,27797
3,-106.45896,3.2868788,-142.82127,-103.22266,0.0,0.0,0.0,0.0,48.035492,23.0,268.0,-2.87175,-5.6991215,3.8806803,-0.8044735,-6.566359,1.4082304,0.8044735,1.6189978,-0.017807383,-1.0579088,0.73970217,0.0017301122,80.0,1,0.98968416,0.0002988,-79.3145751953125,18.16008186340332,0.5070039867303798,192000,6,27682
4,-106.30163,2.753627,-136.7161,-103.25236,0.0,0.0,0.0,0.0,47.087055,21.0,191.0,-3.6482234,-5.52522,0.97995704,-0.4023867,-5.4489927,1.4361037,0.40238667,0.55121815,-0.009474775,-0.27028868,0.7377319,0.0015553741,80.0,1,0.99175906,0.0002982,-79.34744262695312,18.100791931152344,0.5060059945689283,256000,9,27654
5,-106.35287,2.8665516,-127.34341,-103.13763,0.0,0.0,0.0,0.0,47.13303,23.0,166.0,-4.0337844,-5.511929,-1.0773308,-0.20439444,-5.555267,1.0382807,0.20439444,0.26673937,-0.006061384,-0.07079792,0.73575747,0.001393057,80.0,1,0.9941659,0.00029759999999999997,-79.3975601196289,17.982330322265625,0.5050080103088117,320000,11,27626
6,-106.47983,3.2346544,-139.15001,-103.13517,0.0,0.0,0.0,0.0,47.746555,21.0,199.0,-4.2296085,-5.458213,-1.9380803,-0.11452942,-5.499798,0.95071524,0.11452942,0.18628402,-0.004910321,-0.02532699,0.7337793,0.0014339548,80.0,1,0.9956358,0.00029699999999999996,-79.38826751708984,17.926082611083984,0.504010011618452,384000,13,27658
7,-106.40608,3.1000807,-129.64453,-103.197784,0.0,0.0,0.0,0.0,47.615208,23.0,188.0,-4.3262663,-5.500464,-2.6164699,-0.06845645,-5.6166506,1.008441,0.068456456,0.15938237,-0.004560056,-0.014542744,0.7317973,0.0013793792,80.0,1,0.9965141,0.0002964,-79.29731750488281,18.037168502807617,0.5030120063706592,448000,16,27559
8,-106.3601,3.1641815,-139.71202,-103.24228,0.0,0.0,0.0,0.0,47.424103,21.0,258.0,-4.3928156,-5.561873,-2.619088,-0.02892193,-5.5616207,1.0816747,0.028921932,0.13828233,-0.0040043383,-0.0079199765,0.7298111,0.001393883,80.0,1,0.99797493,0.0002958,-79.26226043701172,18.065902709960938,0.5020140024227473,512000,18,27644
9,-106.632355,3.5750406,-133.72975,-103.037155,0.0,0.0,0.0,0.0,49.0952,22.0,227.0,-4.418448,-5.500856,-2.6547348,0.00016379809,-5.4450793,0.9626985,-0.00016379915,0.117853835,-0.004025137,-0.00684179,0.7278213,0.0014780811,80.0,1,0.99828696,0.00029519999999999997,-79.18303680419922,18.07614517211914,0.5010160076164407,576000,20,27614
10,-106.43164,3.083396,-131.66718,-103.33932,0.0,0.0,0.0,0.0,48.287266,23.0,190.0,-4.3884854,-5.639578,-2.7487059,-0.011594897,-5.5783415,0.99387485,0.011594897,0.12285672,-0.004101852,-0.006774978,0.7258272,0.0014447524,80.0,1,0.9984919,0.00029459999999999995,-79.12928771972656,18.108003616333008,0.5000179999743863,640000,23,27636
11,-106.53516,3.1773977,-128.94902,-102.93151,0.0,0.0,0.0,0.0,48.67213,22.0,158.0,-4.3977733,-5.63581,-2.453908,-0.0036937017,-5.399929,1.0574038,0.0036937015,0.11061145,-0.004094295,-0.0065861074,0.7238293,0.0014707368,80.0,1,0.9978944,0.000294,-79.09920501708984,18.093652725219727,0.4990199874853069,704000,25,27624
12,-106.62006,3.4249537,-136.42534,-103.32209,0.0,0.0,0.0,0.0,49.27962,23.0,200.0,-4.4139137,-5.7467875,-2.7789483,0.0064627756,-5.541766,0.9747665,-0.006462775,0.11022428,-0.00445846,-0.007621818,0.72182757,0.001638481,80.0,1,0.9990891,0.0002934,-79.03589630126953,18.115381240844727,0.49802200780647804,768000,27,27717
13,-106.76124,3.7457066,-141.57152,-103.11477,0.0,0.0,0.0,0.0,49.956276,22.0,242.0,-4.349668,-5.844937,-2.6758144,-0.0029993127,-5.538427,1.0308845,0.0029993125,0.11974159,-0.004589875,-0.008405528,0.71982163,0.001607477,80.0,1,0.99857295,0.00029279999999999996,-78.90290832519531,18.251970291137695,0.4970240094664514,832000,30,27594
14,-106.770584,3.869979,-141.68932,-103.07819,0.0,0.0,0.0,0.0,49.986313,24.0,235.0,-4.3461313,-5.7805114,-2.7021873,0.0018960114,-5.5457573,1.1236565,-0.001896011,0.1165815,-0.004547393,-0.00911952,0.7178116,0.0016371666,80.0,1,0.9991706,0.00029219999999999995,-78.81568145751953,18.321903228759766,0.4960260005845061,896000,32,27683
15,-106.681435,3.5452423,-146.86185,-103.17867,0.0,0.0,0.0,0.0,50.033146,23.0,253.0,-4.33026,-5.8062015,-2.5820897,0.009333814,-2.3690484,0.9985871,-0.009333814,0.0923579,-0.0040843207,-0.0077788057,0.7157974,0.0015706917,80.0,1,0.99928063,0.0002916,-78.72982025146484,18.395401000976562,0.4950279892637624,960000,34,27650
16,-106.889656,3.9959927,-152.45369,-103.00844,0.0,0.0,0.0,0.0,51.025555,19.0,297.0,-4.307033,-5.9044495,-2.557324,0.018163826,-2.211783,0.96673805,-0.018163826,0.08673696,-0.0041861027,-0.008866264,0.71377957,0.0016499471,80.0,1,0.9995856,0.00029099999999999997,-78.61604309082031,18.492252349853516,0.49403001303756583,1024000,37,27653
17,-106.899254,3.7828705,-141.99258,-103.29336,0.0,0.0,0.0,0.0,51.33141,22.0,266.0,-4.282767,-5.846662,-2.4757419,0.017097324,-5.327572,1.013179,-0.017097324,0.08341328,-0.0040980885,-0.009804381,0.7117573,0.0016504757,80.0,1,0.99913114,0.00029039999999999996,-78.53121948242188,18.537960052490234,0.4930319916369756,1088000,39,27626
18,-106.98431,3.8389761,-134.24371,-103.12177,0.0,0.0,0.0,0.0,51.492104,22.0,249.0,-4.257224,-5.8529663,-2.6155698,0.011161239,-5.3999505,0.9383026,-0.01116124,0.08587448,-0.0043068137,-0.008998241,0.70973104,0.0017043886,80.0,1,0.9996964,0.00028979999999999994,-78.44837951660156,18.594091415405273,0.4920339921279806,1152000,41,27651
19,-106.870575,3.697327,-135.54256,-103.10151,0.0,0.0,0.0,0.0,50.981876,21.0,214.0,-4.2372026,-5.962844,-2.3441653,-0.0013067663,-5.6259646,1.0488944,0.0013067662,0.07780428,-0.0042512324,-0.00814962,0.70770067,0.0018745968,80.0,1,0.99866116,0.0002892,-78.38273620605469,18.638671875,0.49103599328005176,1216000,44,27651
20,-107.20902,4.195734,-133.98174,-103.101845,0.0,0.0,0.0,0.0,52.734764,23.0,210.0,-4.2151895,-5.9923186,-2.4577174,0.01605563,-2.5308194,0.9626398,-0.016055629,0.06794526,-0.003815956,-0.008607514,0.7056661,0.0017419899,80.0,1,1.00014,0.00028859999999999997,-78.25847625732422,18.75166893005371,0.49003800329248687,1280000,46,27610
21,-107.02216,3.9262724,-133.11446,-103.24287,0.0,0.0,0.0,0.0,51.72269,22.0,193.0,-4.200505,-5.9260435,-2.4525473,0.014514544,-5.3580036,0.94996667,-0.014514544,0.06953913,-0.0039349636,-0.008356841,0.7036275,0.0017472205,80.0,1,0.9990037,0.00028799999999999995,-78.1654281616211,18.839189529418945,0.48904000119877045,1344000,48,27660
22,-107.24817,3.9812074,-131.70488,-103.34039,0.0,0.0,0.0,0.0,53.40363,22.0,168.0,-4.164753,-5.955426,-2.3718085,0.01630792,-5.381486,0.8872797,-0.01630792,0.063550785,-0.003951474,-0.00772891,0.7015847,0.001841012,80.0,1,0.9998867,0.00028739999999999994,-78.07353973388672,18.896150588989258,0.48804199534303844,1408000,51,27772
23,-107.51147,4.404636,-133.4563,-103.28279,0.0,0.0,0.0,0.0,54.84472,24.0,203.0,-4.14068,-5.938825,-2.3311622,0.022318901,-5.326951,0.92676616,-0.022318903,0.06538205,-0.0038077775,-0.007629132,0.6995376,0.0017966072,80.0,1,1.0005183,0.0002868,-77.9618911743164,18.966381072998047,0.4870439940524629,1472000,53,27667
24,-107.620926,4.632375,-139.6123,-103.13903,0.0,0.0,0.0,0.0,55.45837,23.0,245.0,-4.1001735,-5.9420824,-2.2360635,0.016875463,-5.3776073,1.0217462,-0.016875466,0.074311934,-0.0042300387,-0.0065131793,0.69748646,0.0018725841,80.0,1,0.9999998,0.00028619999999999996,-77.85032653808594,19.032089233398438,0.48604600563714795,1536000,55,27636
25,-107.653656,4.689598,-149.39809,-103.25749,0.0,0.0,0.0,0.0,55.41659,23.0,236.0,-4.0981145,-6.079582,-2.147093,0.022019088,-1.9570236,0.9184995,-0.022019086,0.055614118,-0.003653981,-0.0054294216,0.6954311,0.0017626297,80.0,1,1.0015776,0.00028559999999999995,-77.75804138183594,19.07034683227539,0.48504800947891086,1600000,58,27657
26,-107.785965,4.8240943,-143.68488,-103.226585,0.0,0.0,0.0,0.0,56.397423,23.0,233.0,-4.061628,-5.8838735,-2.2409284,0.021068469,-2.1995661,0.96563184,-0.021068469,0.05386031,-0.0035986463,-0.0055649756,0.69337153,0.0018312247,80.0,1,1.0004311,0.000285,-77.62316131591797,19.17934799194336,0.4840500140318596,1664000,60,27671
27,-107.79078,4.8214593,-154.17361,-103.09478,0.0,0.0,0.0,0.0,56.68286,23.0,287.0,-4.0359087,-5.8809958,-2.2829854,0.02066638,-5.1514688,0.95712376,-0.020666381,0.058355197,-0.0039163902,-0.005531011,0.69130754,0.0019207335,80.0,1,1.0001923,0.0002844,-77.51353454589844,19.246244430541992,0.4830519989405728,1728000,62,27677
28,-107.94148,4.7157316,-136.7544,-103.28978,0.0,0.0,0.0,0.0,57.813145,22.0,246.0,-4.009794,-6.0168233,-2.2665265,0.023210239,-5.1706977,0.9507642,-0.02321024,0.05620618,-0.0038899975,-0.0049647354,0.6892394,0.001961303,80.0,1,1.0009063,0.00028379999999999996,-77.38822937011719,19.33150291442871,0.48205400153539285,1792000,64,27670
29,-108.25082,5.0412216,-143.81111,-103.26317,0.0,0.0,0.0,0.0,59.72604,22.0,259.0,-3.969381,-5.9597635,-2.1696973,0.028273273,-2.304272,0.894946,-0.028273271,0.051959723,-0.0038089373,-0.005206964,0.68716705,0.001941395,80.0,1,1.0014355,0.00028319999999999994,-77.25955200195312,19.4085693359375,0.4810560015447731,1856000,67,27660
30,-108.68022,5.602939,-137.31479,-103.41214,0.0,0.0,0.0,0.0,62.480244,22.0,216.0,-3.910437,-5.8169785,-2.0593657,0.037181478,-5.1008554,1.0940272,-0.037181478,0.057925418,-0.003936773,-0.0066159726,0.6850902,0.0018433221,80.0,1,1.0028589,0.0002826,-77.09243774414062,19.524024963378906,0.4800580075310835,1920000,69,27706
31,-108.76529,5.829205,-152.96646,-103.396774,0.0,0.0,0.0,0.0,63.213844,22.0,285.0,-3.8693218,-5.8501596,-2.1192718,0.03783561,-5.0925746,0.90694046,-0.037835613,0.058434077,-0.0040751034,-0.0055254316,0.68300915,0.0020250762,80.0,1,1.0030044,0.00028199999999999997,-76.91070556640625,19.669153213500977,0.4790599994846701,1984000,71,27648
32,-108.986206,5.9708877,-139.5016,-103.34146,0.0,0.0,0.0,0.0,64.14406,23.0,231.0,-3.822978,-5.857154,-1.990526,0.03939498,-5.0735497,1.0696868,-0.03939498,0.05669795,-0.0039547263,-0.0064978423,0.6809235,0.0020121983,80.0,1,1.0021353,0.00028139999999999996,-76.72359466552734,19.821203231811523,0.47806198611060285,2048000,74,27815
33,-109.01245,6.194865,-146.21089,-103.2451,0.0,0.0,0.0,0.0,64.30544,20.0,269.0,-3.7789485,-6.033385,-2.0345047,0.03140449,-5.0475984,1.2752516,-0.031404488,0.060009934,-0.0042543737,-0.005976311,0.6788339,0.0020554645,80.0,1,1.0019219,0.00028079999999999994,-76.55577087402344,19.94490623474121,0.477064004531135,2112000,76,27677
34,-108.9141,6.160484,-145.91547,-103.38225,0.0,0.0,0.0,0.0,63.62735,23.0,269.0,-3.760873,-5.873446,-1.9616954,0.036231514,-4.897343,1.052201,-0.036231518,0.054598816,-0.0040013203,-0.0058151754,0.67673975,0.0019978706,80.0,1,1.0024874,0.0002802,-76.38526153564453,20.084461212158203,0.4760660064851852,2176000,78,27682
35,-109.61891,6.7383356,-146.06537,-103.15396,0.0,0.0,0.0,0.0,67.85239,22.0,270.0,-3.6794019,-5.6989007,-1.8903524,0.042154245,-4.983922,0.9495963,-0.042154245,0.0634923,-0.0043973513,-0.006664763,0.6746412,0.0021008442,80.0,1,1.0028007,0.00027959999999999997,-76.19056701660156,20.236289978027344,0.47506800080179984,2240000,81,27658
36,-109.77986,6.821679,-148.65558,-103.37684,0.0,0.0,0.0,0.0,69.54784,23.0,267.0,-3.619018,-5.6439686,-1.8118838,0.03609713,-4.9232717,0.94896895,-0.036097124,0.057991914,-0.0041494877,-0.005778316,0.67253816,0.0020887027,80.0,1,1.002234,0.00027899999999999995,-75.99254608154297,20.387916564941406,0.4740699962916369,2304000,83,27692
37,-109.877754,6.66403,-148.72842,-103.33422,0.0,0.0,0.0,0.0,70.83179,24.0,308.0,-3.5573804,-5.7537427,-1.8325306,0.030562313,-4.9161286,1.110694,-0.030562317,0.06321387,-0.0043172305,-0.00567713,0.6704307,0.0021217768,80.0,1,1.0009208,0.0002784,-75.7951431274414,20.53664779663086,0.473072001746849,2368000,85,27695
38,-109.94192,6.92628,-145.78316,-103.3279,0.0,0.0,0.0,0.0,70.87033,24.0,250.0,-3.5344272,-5.4872756,-1.8055651,0.040186416,-4.8465114,1.1425058,-0.04018642,0.05494819,-0.004429208,-0.0060644867,0.66831887,0.0022094878,80.0,1,1.0028456,0.0002778,-75.58949279785156,20.70691680908203,0.472073997803164,2432000,88,27687
39,-111.08201,8.156364,-145.24782,-103.3906,0.0,0.0,0.0,0.0,77.39744,23.0,274.0,-3.4249742,-5.7012,-1.6722189,0.051245186,-4.817947,1.11662,-0.051245186,0.062106255,-0.004313613,-0.007960288,0.66620266,0.0020765006,80.0,1,1.0046132,0.0002772,-75.32752990722656,20.94379425048828,0.47107599339382866,2496000,90,27710
40,-110.069496,6.9713135,-146.0018,-103.46512,0.0,0.0,0.0,0.0,72.41093,24.0,310.0,-3.4285846,-5.46578,-1.6398994,0.039714508,-4.869405,1.0154262,-0.039714508,0.053985212,-0.004119578,-0.006113214,0.6640819,0.0020959754,80.0,1,1.0018165,0.0002766,-75.12542724609375,21.105228424072266,0.4700779974332304,2560000,92,27706
41,-111.06103,8.115585,-151.61653,-103.56049,0.0,0.0,0.0,0.0,77.956184,24.0,349.0,-3.3378656,-5.4277005,-1.547134,0.045614615,-4.706533,1.0015739,-0.045614615,0.058445226,-0.0044813086,-0.006244326,0.6619567,0.0022827904,80.0,1,1.0035067,0.000276,-74.88429260253906,21.314544677734375,0.46907999085743085,2624000,95,27695
42,-111.9228,8.600747,-149.46512,-103.24148,0.0,0.0,0.0,0.0,85.6179,22.0,318.0,-3.20856,-5.439917,-1.4701267,0.053591765,-2.6767406,1.1792651,-0.053591765,0.054393448,-0.004085065,-0.0074804653,0.65982664,0.0020974893,80.0,1,1.0041428,0.00027539999999999997,-74.5969467163086,21.580286026000977,0.4680820106210549,2688000,97,27838
43,-111.81814,8.373326,-145.1241,-103.37883,0.0,0.0,0.0,0.0,83.723076,22.0,352.0,-3.1824281,-5.2909484,-1.3694483,0.05192563,-4.665511,1.3426331,-0.05192563,0.054542772,-0.0041959807,-0.006799151,0.6576924,0.0021693679,80.0,1,1.0036181,0.0002748,-74.32592010498047,21.826406478881836,0.46708400990043564,2752000,99,27721
44,-111.51679,8.650377,-149.23756,-103.253174,0.0,0.0,0.0,0.0,82.78867,24.0,292.0,-3.1305366,-5.1710668,-1.3364104,0.0469309,-4.5743356,1.1283909,-0.0469309,0.051289428,-0.0040476173,-0.007169226,0.6555534,0.0021117856,80.0,1,1.0037594,0.0002742,-74.06244659423828,22.067569732666016,0.4660859978902244,2816000,102,27717
45,-112.98258,10.089047,-150.93849,-103.369484,0.0,0.0,0.0,0.0,91.48527,22.0,321.0,-3.0151432,-5.165488,-1.1193737,0.061603364,-4.528846,1.2280135,-0.06160336,0.056073632,-0.004458545,-0.008753342,0.6534099,0.0021885564,80.0,1,1.0039427,0.0002736,-73.7347412109375,22.399215698242188,0.4650880114870078,2880000,104,27765
46,-112.37923,10.020917,-155.92033,-103.538536,0.0,0.0,0.0,0.0,87.39143,25.0,340.0,-3.0019498,-5.1095433,-1.1520818,0.0644206,-2.1820462,1.1588765,-0.064420596,0.052042376,-0.0041594096,-0.0076924767,0.65126175,0.0020081135,80.0,1,1.0053337,0.00027299999999999997,-73.43724822998047,22.690597534179688,0.46409000434407544,2944000,106,27757
47,-113.56222,10.355363,-161.25392,-103.32401,0.0,0.0,0.0,0.0,95.943184,24.0,388.0,-2.8877406,-4.9736195,-1.0512593,0.063164815,-2.6721153,1.2846385,-0.063164815,0.0517155,-0.0041259844,-0.008609864,0.64910895,0.0020519989,80.0,1,1.0040839,0.0002724,-73.1213150024414,22.987091064453125,0.463092013378182,3008000,108,27736
48,-113.9379,11.14026,-162.96149,-103.54429,0.0,0.0,0.0,0.0,98.71599,24.0,409.0,-2.7999048,-5.0635796,-1.0913582,0.06338612,-4.3736396,1.3089184,-0.06338611,0.05471456,-0.004391162,-0.0090185255,0.6469516,0.002131833,80.0,1,1.0057826,0.0002718,-72.779541015625,23.32976722717285,0.4620939926194436,3072000,111,27750
49,-114.0974,11.484973,-168.80713,-103.70616,0.0,0.0,0.0,0.0,101.37193,24.0,404.0,-2.7207057,-4.9934044,-1.0867863,0.06355445,-4.2920327,1.1951333,-0.06355445,0.052174054,-0.004295414,-0.009108771,0.64478964,0.0021231852,80.0,1,1.0052445,0.0002712,-72.42572784423828,23.691200256347656,0.4610960064877359,3136000,113,27757
50,-114.468834,12.287172,-168.25058,-103.23897,0.0,0.0,0.0,0.0,102.717354,23.0,475.0,-2.6494877,-4.9603753,-0.98459715,0.06945424,-4.171408,1.3869569,-0.06945424,0.052963857,-0.0042204643,-0.008961869,0.6426229,0.0020651263,80.0,1,1.0057012,0.00027059999999999996,-72.06396484375,24.06421661376953,0.4600980092110313,3200000,115,27825
51,-115.34792,13.406544,-168.80626,-103.303856,0.0,0.0,0.0,0.0,112.25358,22.0,471.0,-2.4716551,-4.944152,-0.88651985,0.078825496,-2.1219978,1.2540486,-0.07882549,0.04701135,-0.0039624018,-0.009839905,0.6404514,0.0020373303,80.0,1,1.005928,0.00027,-71.6169662475586,24.595550537109375,0.4591000102019319,3264000,118,27756
52,-116.79145,13.820035,-162.70041,-57.48574,0.0,0.0,0.0,0.0,124.36226,25.0,500.0,-2.3838646,-4.7117915,-0.7105585,0.070371084,-2.1145325,1.0560187,-0.070371084,0.043358035,-0.003876477,-0.008428471,0.6382751,0.002009044,80.0,1,1.0061617,0.0002694,-71.19683074951172,25.038066864013672,0.4581019915476621,3328000,120,27886
53,-117.16156,14.644376,-171.6118,-103.13566,0.0,0.0,0.0,0.0,123.69757,19.0,477.0,-2.307161,-4.638543,-0.7150914,0.06815543,-4.008135,1.3609326,-0.06815544,0.0511794,-0.0039609354,-0.009051472,0.63609415,0.0020078195,80.0,1,1.0049691,0.0002688,-70.77034759521484,25.491466522216797,0.4571039900439277,3392000,122,27780
54,-117.729614,15.640334,-173.11124,-59.006496,0.0,0.0,0.0,0.0,136.92628,24.0,500.0,-2.1636662,-4.5742974,-0.6352596,0.06505013,-2.4591045,1.134361,-0.065050125,0.042331163,-0.003687364,-0.007998653,0.6339083,0.0019429906,80.0,1,1.0042322,0.00026819999999999996,-70.30601501464844,26.008378982543945,0.456105987855782,3456000,125,27762
55,-116.169846,17.571566,-170.07307,-48.555244,0.0,0.0,0.0,0.0,138.36658,23.0,500.0,-2.0977507,-4.52576,-0.50536096,0.07197552,-3.778785,0.9814909,-0.07197553,0.04682909,-0.0040390324,-0.0093647,0.631718,0.002072132,80.0,1,1.0055871,0.0002676,-69.81791687011719,26.57148551940918,0.45510799449199707,3520000,127,27811
56,-116.94598,20.550041,-176.63145,-36.05967,0.0,0.0,0.0,0.0,152.48753,25.0,500.0,-1.9944645,-4.364103,-0.56737757,0.0757404,-2.5508213,1.1168962,-0.0757404,0.042355876,-0.0036642784,-0.009673199,0.6295227,0.0019178679,80.0,1,1.0059197,0.000267,-69.30218505859375,27.17281150817871,0.4541099923733702,3584000,129,27812
57,-113.627426,24.454206,-192.05402,-37.7395,0.0,0.0,0.0,0.0,167.37187,24.0,500.0,-1.7774353,-4.2319365,-0.42175916,0.07447732,-2.0764868,1.2160931,-0.07447733,0.040297106,-0.0035745893,-0.009150383,0.6273225,0.0018778959,80.0,1,1.0061647,0.00026639999999999997,-68.69401550292969,27.965970993041992,0.4531119911451714,3648000,132,27747
58,-111.445564,24.542849,-173.1223,-23.60701,0.0,0.0,0.0,0.0,159.623,22.0,500.0,-1.6754824,-4.2938447,-0.31687176,0.07657307,-2.1709352,1.1109453,-0.076573074,0.035429075,-0.0032597114,-0.007959276,0.62511736,0.0018567846,80.0,1,1.0059121,0.00026579999999999996,-68.06663513183594,28.784046173095703,0.45211400043148375,3712000,134,27817
59,-106.238914,27.704203,-184.91234,-33.56582,0.0,0.0,0.0,0.0,178.13428,22.0,500.0,-1.5227966,-4.0342994,-0.3994823,0.076882094,-2.0862536,1.1289263,-0.076882094,0.035044238,-0.003237105,-0.008625205,0.6229077,0.0018067264,80.0,1,1.0059189,0.0002652,-67.39122009277344,29.685842514038086,0.4511160029464541,3776000,136,27719
60,-105.44354,27.796167,-182.99994,-26.11625,0.0,0.0,0.0,0.0,182.55595,24.0,500.0,-1.4405488,-4.130919,-0.26062477,0.076045334,-2.4302876,1.2121454,-0.076045334,0.03647711,-0.00323391,-0.008314264,0.6206931,0.0017772944,80.0,1,1.0056375,0.0002646,-66.72393798828125,30.535856246948242,0.45011800844982525,3840000,138,27790
61,-98.39125,31.656445,-176.49548,-28.230457,0.0,0.0,0.0,0.0,210.85153,25.0,500.0,-1.2021182,-3.9124005,-0.23216516,0.07340137,-2.27005,0.97728485,-0.07340137,0.029365916,-0.0030595546,-0.007960841,0.6184732,0.0017668223,80.0,1,1.0071726,0.00026399999999999997,-65.97846221923828,31.52988624572754,0.44911999991009005,3904000,141,27822
62,-96.395836,31.772898,-185.72972,-24.132933,0.0,0.0,0.0,0.0,206.66519,26.0,500.0,-1.0943025,-3.8439903,-0.24119572,0.065334655,-2.056127,0.9196859,-0.06533466,0.024604362,-0.002657188,-0.006414323,0.6162486,0.0016885332,80.0,1,1.0054386,0.00026339999999999995,-65.24066162109375,32.472965240478516,0.44812198722208024,3968000,143,27904
63,-94.899025,30.236254,-173.95819,-27.00029,0.0,0.0,0.0,0.0,194.0748,25.0,500.0,-1.026792,-3.7657614,-0.23017308,0.06224611,-1.8386418,1.0089942,-0.062246107,0.023528913,-0.0025807107,-0.0060797227,0.61401933,0.0016777306,80.0,1,1.0058837,0.0002628,-64.5277328491211,33.33763885498047,0.4471240069093927,4032000,145,27796
64,-92.66491,31.916769,-178.84558,-29.609682,0.0,0.0,0.0,0.0,212.6018,25.0,500.0,-0.884501,-3.6368206,-0.14250991,0.049810644,-2.9002917,1.003317,-0.049810648,0.0208849,-0.002396611,-0.005272926,0.6117847,0.0017187882,80.0,1,1.0052979,0.0002622,-63.80498123168945,34.18870544433594,0.4461259888709086,4096000,148,27904
65,-90.214355,31.68574,-160.35863,-24.384872,0.0,0.0,0.0,0.0,227.10329,24.0,500.0,-0.8248069,-3.6299922,-0.15933779,0.04848381,-1.8035488,0.90209454,-0.04848381,0.017935373,-0.0022184474,-0.005047561,0.6095452,0.0015973317,80.0,1,1.0059984,0.00026159999999999996,-63.08906555175781,34.994327545166016,0.4451279963556191,4160000,150,27809
66,-90.58206,32.221592,-174.63017,-24.613487,0.0,0.0,0.0,0.0,226.58525,25.0,500.0,-0.7749608,-3.6469338,-0.08597505,0.040801223,-1.9943718,0.86320883,-0.040801223,0.017716203,-0.0022087866,-0.003961337,0.6073007,0.0017010226,80.0,1,1.0053384,0.000261,-62.39859390258789,35.72281265258789,0.444130012697655,4224000,152,27842
67,-84.499535,31.434467,-148.66115,-28.434925,0.0,0.0,0.0,0.0,256.09473,26.0,500.0,-0.66626024,-3.3647828,-0.14304751,0.039511506,-1.6743352,1.0711782,-0.039511506,0.015034961,-0.002038242,-0.0038542151,0.605051,0.0016499824,80.0,1,1.005604,0.0002604,-61.68571472167969,36.47309875488281,0.4431319950338665,4288000,155,27825
68,-86.072,30.327763,-168.40163,-30.239079,0.0,0.0,0.0,0.0,232.33171,27.0,500.0,-0.6251272,-3.4856315,-0.14003988,0.031797692,-1.8747354,0.91686773,-0.031797692,0.013470532,-0.0019821452,-0.003234906,0.60279614,0.0016983758,80.0,1,1.0042679,0.00025979999999999997,-61.00104522705078,37.151424407958984,0.44213400636730055,4352000,157,27844
69,-82.36303,30.279032,-143.78584,-29.581696,0.0,0.0,0.0,0.0,252.04688,23.0,500.0,-0.57334596,-3.3216996,-0.13914375,0.031357277,-1.781706,1.0684439,-0.031357273,0.011819217,-0.0018300285,-0.0031922262,0.60053647,0.001677755,80.0,1,1.0051228,0.00025919999999999996,-60.3176383972168,37.808231353759766,0.4411360040273004,4416000,159,27830
70,-83.6572,31.337307,-145.48076,-27.749605,0.0,0.0,0.0,0.0,237.0804,23.0,500.0,-0.52743256,-3.227191,-0.13486645,0.020300888,-1.8647001,1.0360419,-0.020300888,0.010663681,-0.0016438076,-0.0024175476,0.5982714,0.0015527289,80.0,1,1.0028266,0.0002586,-59.66232681274414,38.40171432495117,0.4401379982646756,4480000,162,27856
71,-87.852325,29.867476,-148.96523,-25.942202,0.0,0.0,0.0,0.0,224.88318,26.0,500.0,-0.55368054,-3.0273488,-0.07937431,0.019214485,-1.9506634,0.8419984,-0.019214485,0.01247224,-0.0019389489,-0.0026110546,0.5960015,0.001801997,80.0,1,1.0035517,0.000258,-59.04805374145508,38.90857696533203,0.4391399993071233,4544000,164,27819
72,-82.64461,32.69537,-153.47942,-26.431908,0.0,0.0,0.0,0.0,253.85869,22.0,500.0,-0.4970482,-3.0504751,-0.13006717,0.018146789,-1.9532249,0.91518074,-0.01814679,0.012521295,-0.0018795199,-0.0024905992,0.59372616,0.0018477071,80.0,1,1.0028579,0.00025739999999999997,-58.42225646972656,39.42208480834961,0.43814199124377295,4608000,166,27873
73,-80.74164,31.742516,-162.4579,-29.079012,0.0,0.0,0.0,0.0,264.3005,28.0,500.0,-0.46421453,-3.1069279,-0.12354538,0.016164282,-1.8913673,1.048081,-0.01616428,0.011377964,-0.0018718278,-0.0019106541,0.59144586,0.0018355153,80.0,1,1.0027165,0.00025679999999999995,-57.80870056152344,39.90545654296875,0.4371440104898926,4672000,168,27810
74,-74.38187,32.487595,-156.12482,-26.92901,0.0,0.0,0.0,0.0,319.5,25.0,500.0,-0.3981388,-3.1524367,-0.07877168,0.014564929,-1.6650039,0.84039533,-0.014564929,0.0075778365,-0.0015254441,-0.0016971033,0.5891602,0.0017011613,80.0,1,1.0024878,0.0002562,-57.186058044433594,40.38694381713867,0.4361459892139098,4736000,171,27824
75,-78.635315,33.321903,-186.87804,-30.568214,0.0,0.0,0.0,0.0,283.5922,25.0,500.0,-0.41259667,-3.007981,-0.085870385,0.0093826745,-1.5511942,0.9073187,-0.009382674,0.0086942185,-0.0016157988,-0.0017640339,0.5868693,0.0018797375,80.0,1,1.0025228,0.0002556,-56.597259521484375,40.80796813964844,0.43514798995853615,4800000,173,27774
76,-80.20154,30.545479,-172.8322,-30.783003,0.0,0.0,0.0,0.0,253.17223,24.0,500.0,-0.4028354,-3.1255054,-0.06542949,0.011977179,-1.7091957,0.75664675,-0.011977178,0.007283402,-0.0014030559,-0.0018251045,0.5845733,0.001655184,80.0,1,1.0027661,0.00025499999999999996,-56.01758575439453,41.210968017578125,0.4341499971346156,4864000,175,27804
77,-80.07456,30.44982,-128.39104,-24.846188,0.0,0.0,0.0,0.0,247.98286,24.0,500.0,-0.3781491,-2.7861526,-0.091265045,0.010194224,-1.5228494,0.7054618,-0.010194224,0.0060851285,-0.0012491385,-0.0013562853,0.582272,0.0017059569,80.0,1,1.0012324,0.00025439999999999995,-55.44837951660156,41.59359359741211,0.43315199536685484,4928000,178,27812
78,-75.68137,32.761818,-163.18185,-27.303272,0.0,0.0,0.0,0.0,304.4875,21.0,500.0,-0.35872856,-2.8733869,-0.039373986,0.009363674,-1.7093923,0.7533827,-0.009363674,0.0068816496,-0.001410267,-0.0012270857,0.5799653,0.0017810958,80.0,1,1.0020612,0.0002538,-54.889530181884766,41.948387145996094,0.43215399525204157,4992000,180,27817
79,-76.42933,31.68652,-151.59364,-24.94818,0.0,0.0,0.0,0.0,280.77975,25.0,500.0,-0.35116968,-2.8054256,-0.0049106777,0.006554898,-1.5617679,0.68317777,-0.0065548983,0.006555775,-0.0013546799,-0.0011812221,0.5776533,0.0018486537,80.0,1,1.0011312,0.0002532,-54.34430694580078,42.27980041503906,0.43115600736255,5056000,182,27837
80,-73.28816,31.970783,-137.84695,-25.90934,0.0,0.0,0.0,0.0,299.40237,25.0,500.0,-0.32573208,-3.1094568,0.019534864,0.0044234707,-1.8822889,0.7999999,-0.0044234707,0.0076301927,-0.0014812718,-0.0019423048,0.57533586,0.0019406935,80.0,1,1.0002153,0.00025259999999999996,-53.8056640625,42.59967041015625,0.4301579909673412,5120000,185,27811
81,-73.825455,31.575113,-150.77788,-26.532,0.0,0.0,0.0,0.0,298.18353,26.0,500.0,-0.31619188,-2.8975153,0.03991489,0.006906572,-1.5482711,0.8510447,-0.006906572,0.0070594186,-0.0014286872,-0.0018200509,0.57301325,0.0018538072,80.0,1,1.0019451,0.00025199999999999995,-53.275840759277344,42.901611328125,0.4291600081062228,5184000,187,27821
82,-81.02003,31.069036,-140.31252,-29.223318,0.0,0.0,0.0,0.0,253.92973,24.0,500.0,-0.34755334,-2.8505137,-0.034336835,0.0025828697,-1.8365858,0.9969594,-0.0025828695,0.008508533,-0.0015813104,-0.0022477652,0.57068485,0.0018701961,80.0,1,1.000481,0.0002514,-52.78575134277344,43.14888381958008,0.4281619927159722,5248000,189,27943
83,-78.5104,32.586834,-152.79779,-22.768518,0.0,0.0,0.0,0.0,264.25714,26.0,500.0,-0.32277676,-2.7140932,-0.0035995021,-0.000777472,-1.6152918,0.718746,0.00077747175,0.0066480963,-0.0014074263,-0.0012519988,0.56835127,0.0019795767,80.0,1,0.9995202,0.00025079999999999997,-52.29927444458008,43.38917922973633,0.4271640067268829,5312000,192,27856
84,-78.4331,33.330677,-139.32457,-27.058685,0.0,0.0,0.0,0.0,265.779,21.0,500.0,-0.3201416,-2.693022,0.063449524,-0.00073776953,-2.015077,0.763062,0.00073776976,0.006895557,-0.0014792031,-0.0015276845,0.56601226,0.0019716106,80.0,1,0.9993379,0.00025019999999999996,-51.82579803466797,43.61096954345703,0.42616600996219556,5376000,194,27743
85,-74.567444,33.299763,-167.7637,-29.253044,0.0,0.0,0.0,0.0,296.94577,27.0,500.0,-0.3088058,-2.7246618,0.02548635,0.004170462,-1.7331442,1.0034806,-0.004170462,0.007327232,-0.0014808284,-0.0017017035,0.5636674,0.0019609875,80.0,1,1.0006266,0.00024959999999999994,-51.35036849975586,43.828922271728516,0.42516798803756656,5440000,196,27832
86,-76.19146,31.678246,-127.81649,-28.608614,0.0,0.0,0.0,0.0,261.16,24.0,500.0,-0.31253216,-2.9470127,0.04578174,0.0062907115,-1.5828934,0.9873636,-0.006290712,0.0058023264,-0.0013360499,-0.0016440097,0.56131744,0.0019379081,80.0,1,1.001375,0.000249,-50.88358688354492,44.03960037231445,0.42417000262846627,5504000,198,27829
87,-74.52144,32.149906,-148.75235,-26.051998,0.0,0.0,0.0,0.0,286.30057,25.0,500.0,-0.29734004,-2.774651,-0.030946255,0.0021359203,-1.639005,0.8424348,-0.0021359196,0.0070842644,-0.0014842921,-0.0015912022,0.5589619,0.002014643,80.0,1,1.0010443,0.0002484,-50.42778396606445,44.2318115234375,0.4231719887935835,5568000,201,27832
88,-71.98336,33.07278,-138.64214,-25.84913,0.0,0.0,0.0,0.0,302.31012,25.0,500.0,-0.28013185,-2.6436584,0.05920519,0.0024306527,-1.6218315,0.9232297,-0.0024306525,0.005062178,-0.0012048793,-0.001287143,0.55660063,0.0019187925,80.0,1,1.0007379,0.0002478,-49.97582244873047,44.41781234741211,0.4221740080970898,5632000,203,27810
89,-76.772224,32.356125,-141.29427,-24.499357,0.0,0.0,0.0,0.0,267.25287,24.0,500.0,-0.30613595,-2.7772315,-0.024068512,0.0026674364,-1.5380242,0.786587,-0.0026674366,0.0061012274,-0.0013992394,-0.0016077564,0.55423397,0.002079719,80.0,1,1.0006554,0.0002472,-49.54568862915039,44.577369689941406,0.4211759960808626,5696000,205,27813
90,-73.354706,32.27598,-135.37865,-29.593443,0.0,0.0,0.0,0.0,285.4969,26.0,500.0,-0.2752704,-2.678835,0.07776908,0.0010312018,-1.6901232,0.75262505,-0.0010312023,0.006290281,-0.0013825425,-0.001940345,0.55186176,0.002104814,80.0,1,1.0008543,0.0002466,-49.11357116699219,44.73820877075195,0.42017798915247767,5760000,208,27791
91,-67.24025,32.100273,-110.44419,-22.088697,0.0,0.0,0.0,0.0,318.03946,23.0,500.0,-0.25452882,-2.745559,0.004437633,0.004863449,-1.2790164,0.7928759,-0.004863449,0.0039712703,-0.0010491196,-0.0012144102,0.54948384,0.001867722,80.0,1,1.0008168,0.000246,-48.6761589050293,44.90364456176758,0.4191799984699375,5824000,210,27785
92,-81.59279,31.702185,-142.62296,-26.84568,0.0,0.0,0.0,0.0,231.47917,23.0,500.0,-0.3045628,-2.5936818,0.040097184,-0.0052878517,-1.5562568,0.9771985,0.005287851,0.007832547,-0.0016331266,-0.002670517,0.5471,0.0024836657,80.0,1,0.99822724,0.0002454,-48.286537170410156,45.01873779296875,0.4181820102389098,5888000,212,27887
93,-70.09784,32.089817,-134.66975,-25.6855,0.0,0.0,0.0,0.0,310.11465,25.0,500.0,-0.25613654,-2.8003376,0.045276508,0.00046672524,-1.5898306,0.7299715,-0.0004667255,0.0046513653,-0.0011780357,-0.0011602594,0.54471064,0.0019830544,80.0,1,1.0002549,0.0002448,-47.876060485839844,45.150508880615234,0.41718401087606594,5952000,215,27773
94,-70.45615,32.668793,-141.2272,-25.395039,0.0,0.0,0.0,0.0,306.08804,25.0,500.0,-0.25302675,-2.637769,0.08859424,-0.0022982897,-1.4542866,0.6133139,0.0022982894,0.0043375017,-0.0012025973,-0.0013985699,0.5423155,0.002019612,80.0,1,0.99900097,0.00024419999999999997,-47.477142333984375,45.268978118896484,0.41618601181550746,6016000,217,27829
95,-71.85092,31.876554,-139.67967,-26.582273,0.0,0.0,0.0,0.0,304.43948,27.0,500.0,-0.26640725,-2.7403312,0.017471008,0.0024510017,-1.6710081,0.8151391,-0.002451002,0.0051703183,-0.0012985833,-0.0016621195,0.5399146,0.0021058673,80.0,1,1.0002248,0.00024359999999999999,-47.087425231933594,45.376564025878906,0.4151879997168765,6080000,219,27774
96,-69.445145,32.566204,-129.48845,-23.36358,0.0,0.0,0.0,0.0,306.2342,25.0,500.0,-0.26192638,-2.7771919,0.010617003,0.00493524,-1.6317604,0.78073657,-0.00493524,0.0048815603,-0.0012401377,-0.0013214408,0.5375081,0.0020604087,80.0,1,1.0012273,0.000243,-46.69969940185547,45.483585357666016,0.4141900108255301,6144000,222,27848
97,-72.95445,32.456272,-140.8492,-27.841478,0.0,0.0,0.0,0.0,283.6842,23.0,500.0,-0.25548825,-2.6219997,0.041074574,0.002226804,-1.856252,0.91085434,-0.002226804,0.0043420205,-0.0011724128,-0.0014805697,0.53509563,0.0020963405,80.0,1,0.99930966,0.00024239999999999998,-46.320682525634766,45.58216857910156,0.4131920072366738,6208000,224,27791
98,-70.02912,32.96139,-149.60146,-27.986471,0.0,0.0,0.0,0.0,307.3503,25.0,500.0,-0.24991769,-2.7078702,0.037075102,0.00079460366,-1.7267402,0.6915726,-0.0007946032,0.005616829,-0.0013308411,-0.0015485787,0.53267753,0.0023097554,80.0,1,0.99932873,0.0002418,-45.9504508972168,45.66980743408203,0.41219400063082834,6272000,226,27784
99,-68.76859,32.475258,-144.21999,-26.208607,0.0,0.0,0.0,0.0,312.4875,27.0,500.0,-0.23737039,-2.5791404,0.040413596,-0.0018762684,-1.3879268,0.6516615,0.0018762687,0.0037038845,-0.0011048503,-0.0012235893,0.53025335,0.0020322716,80.0,1,0.9987402,0.00024119999999999998,-45.58534240722656,45.75248336791992,0.4111960026603888,6336000,228,27833
100,-65.04515,31.47613,-126.2594,-25.01107,0.0,0.0,0.0,0.0,337.363,24.0,500.0,-0.23099655,-2.5485945,-0.0006324798,0.001932808,-1.3930787,0.80808365,-0.0019328074,0.004084728,-0.0011491723,-0.0014750136,0.5278233,0.0020088113,80.0,1,1.0007083,0.0002406,-45.2199821472168,45.833587646484375,0.41019800049971356,6400000,231,27811
101,-66.411415,32.831097,-149.19516,-25.784616,0.0,0.0,0.0,0.0,340.68054,24.0,500.0,-0.23341627,-2.582622,0.072016716,0.00018933888,-1.6180704,0.7109185,-0.00018933901,0.0036621336,-0.0010803647,-0.0011323135,0.5253873,0.0021049245,80.0,1,0.99947006,0.00023999999999999998,-44.866825103759766,45.900856018066406,0.40920000592278644,6464000,233,27843
102,-69.76959,32.059536,-123.20165,-29.147598,0.0,0.0,0.0,0.0,305.61874,27.0,500.0,-0.2473077,-2.6501203,0.015938431,0.00036539524,-1.6706657,0.8130539,-0.00036539516,0.0055661714,-0.0014566765,-0.0016672527,0.52294534,0.0024045599,80.0,1,0.999858,0.0002394,-44.523746490478516,45.9630012512207,0.40820200634411,6528000,235,27911
103,-63.014034,30.627028,-119.49719,-25.705896,0.0,0.0,0.0,0.0,352.32877,27.0,500.0,-0.23065329,-2.6558278,-0.01916632,0.0025607808,-1.7149248,0.7276699,-0.0025607802,0.004180815,-0.0010769584,-0.0017305617,0.5204974,0.0018946589,80.0,1,1.0003719,0.0002388,-44.17768096923828,46.02470397949219,0.4072039893871719,6592000,238,27868
104,-65.44976,31.190777,-120.32172,-24.225735,0.0,0.0,0.0,0.0,338.5034,24.0,500.0,-0.23745278,-2.420341,-0.020754986,0.0021098694,-1.6058519,0.71162736,-0.0021098696,0.004194081,-0.0011362679,-0.0012523665,0.5180435,0.0020587528,80.0,1,1.0004048,0.0002382,-43.842506408691406,46.076053619384766,0.40620599130776014,6656000,240,27792
105,-65.81501,31.9482,-145.43994,-24.926933,0.0,0.0,0.0,0.0,336.2381,27.0,500.0,-0.22968526,-2.7596068,0.028604962,-0.0004589557,-1.8478401,0.60823876,0.00045895606,0.004240661,-0.0011525886,-0.0014832541,0.51558393,0.002099391,80.0,1,1.0002561,0.0002376,-43.513038635253906,46.122589111328125,0.4052079997897788,6720000,242,27731
106,-71.52452,32.909386,-133.73782,-25.068739,0.0,0.0,0.0,0.0,287.11447,24.0,500.0,-0.25015327,-2.4913561,0.04134664,-0.0005545919,-1.7582948,0.7955735,0.0005545917,0.0034587013,-0.001035769,-0.0013280041,0.51311773,0.001999082,80.0,1,1.000073,0.000237,-43.198673248291016,46.15922164916992,0.4042100027254721,6784000,245,27788
107,-67.331055,32.088108,-109.555626,-26.535782,0.0,0.0,0.0,0.0,316.2658,25.0,500.0,-0.24198832,-2.4608185,0.0072389245,0.0027824005,-1.3287538,0.9338188,-0.0027824002,0.0046166787,-0.0012287216,-0.001648458,0.5106458,0.0021577305,80.0,1,1.0000037,0.0002364,-42.88201904296875,46.19770812988281,0.4032119882152045,6848000,247,27821
108,-68.41039,34.06268,-132.68414,-21.245825,0.0,0.0,0.0,0.0,308.75165,25.0,500.0,-0.23933165,-2.3682163,-0.0070413128,-0.00044936064,-1.4412904,0.77300483,0.00044936108,0.0040693134,-0.0011481154,-0.0016252568,0.50816745,0.0021742354,80.0,1,0.99822223,0.00023579999999999999,-42.575687408447266,46.226863861083984,0.40221399251488477,6912000,249,27835
109,-63.402397,32.34022,-130.04892,-22.159225,0.0,0.0,0.0,0.0,343.56757,26.0,500.0,-0.22597483,-2.519266,0.0023928136,7.91539e-05,-1.6760118,0.55881184,-7.9154095e-05,0.0036816262,-0.001065844,-0.0011395856,0.50568306,0.0020964174,80.0,1,0.9995139,0.0002352,-42.267940521240234,46.25647735595703,0.40121600378353994,6976000,252,27839
110,-68.05963,32.116096,-114.93023,-24.225456,0.0,0.0,0.0,0.0,312.85806,26.0,500.0,-0.23838337,-2.6135275,0.036895365,0.0022594836,-1.8044846,0.85254556,-0.0022594836,0.0045634685,-0.0012285814,-0.0016987368,0.50319284,0.0021391474,80.0,1,1.0006096,0.00023459999999999998,-41.96820831298828,46.28114318847656,0.4002180103876467,7040000,254,27829
111,-62.53898,32.902634,-126.86615,-22.723288,0.0,0.0,0.0,0.0,348.16217,26.0,500.0,-0.22350648,-2.4110727,-0.023745254,-0.0006928726,-1.6613348,0.85308605,0.00069287256,0.0038915686,-0.0011552954,-0.0016441129,0.50069577,0.002257688,80.0,1,0.9990433,0.000234,-41.67096710205078,46.30290222167969,0.3992200009009028,7104000,256,27818
112,-71.23113,34.519863,-153.94681,-23.299059,0.0,0.0,0.0,0.0,289.14545,27.0,500.0,-0.2548184,-2.4697163,-0.002585955,0.002118264,-1.7863464,0.6426498,-0.0021182643,0.004399784,-0.001264649,-0.001746621,0.49819285,0.0021473118,80.0,1,1.0013663,0.00023339999999999998,-41.3895378112793,46.314754486083984,0.39822201157576,7168000,258,27897
113,-64.38356,33.19111,-135.6625,-23.78116,0.0,0.0,0.0,0.0,333.651,23.0,500.0,-0.2233704,-2.7100737,0.041754335,0.00028268248,-1.7404739,0.70498824,-0.00028268236,0.0042816587,-0.0012168062,-0.0015559797,0.4956836,0.0021619836,80.0,1,0.99983907,0.0002328,-41.103092193603516,46.329132080078125,0.39722400736635743,7232000,261,27782
114,-64.3186,32.825344,-110.01231,-22.851372,0.0,0.0,0.0,0.0,328.02667,27.0,500.0,-0.22310495,-2.5018682,0.027309611,0.0005834088,-1.7230545,0.72541106,-0.00058340817,0.004788102,-0.0012195262,-0.0017047939,0.49316794,0.0022020158,80.0,1,1.0004934,0.00023219999999999998,-40.8194465637207,46.34236145019531,0.3962260009051208,7296000,263,27824
115,-61.319527,33.01076,-128.67332,-23.528711,0.0,0.0,0.0,0.0,349.5,27.0,500.0,-0.21814527,-2.4714212,0.030720517,0.0027389224,-1.5508988,0.87942904,-0.0027389226,0.0041131815,-0.0012211793,-0.0015523133,0.49064597,0.0021224725,80.0,1,1.0005206,0.0002316,-40.537353515625,46.354793548583984,0.3952280047928194,7360000,265,27783
116,-66.761444,33.390663,-109.745895,-23.551285,0.0,0.0,0.0,0.0,311.20514,25.0,500.0,-0.2292219,-2.5496054,0.014069602,-0.00062955084,-1.7413213,0.7144615,0.0006295509,0.00416753,-0.0012196259,-0.0015283584,0.4881177,0.0022310491,80.0,1,0.99940467,0.00023099999999999998,-40.26660919189453,46.35970687866211,0.3942300081003883,7424000,268,27729
117,-64.3098,33.7914,-127.020836,-23.736034,0.0,0.0,0.0,0.0,328.38254,24.0,500.0,-0.22695853,-2.4459531,0.04511045,0.0020324753,-1.5071987,0.75606376,-0.0020324753,0.003911581,-0.0011639991,-0.0015784849,0.48558283,0.0022046932,80.0,1,1.0008491,0.0002304,-39.9981575012207,46.36232376098633,0.3932320001045661,7488000,270,27751
118,-65.09022,32.680584,-141.2246,-24.071575,0.0,0.0,0.0,0.0,337.46667,26.0,500.0,-0.22992423,-2.9770308,-0.014368035,0.00088925025,-1.489258,0.8796329,-0.0008892501,0.0040777214,-0.0012003826,-0.0013791624,0.4830418,0.0022905061,80.0,1,0.99892884,0.00022979999999999997,-39.737422943115234,46.35776901245117,0.3922339936666198,7552000,272,27809
119,-67.82661,33.195786,-121.46865,-27.02206,0.0,0.0,0.0,0.0,308.3734,26.0,500.0,-0.22903024,-2.685073,0.010596983,-0.0022546086,-1.6350019,0.82824516,0.0022546083,0.0041034957,-0.0012343175,-0.0016335867,0.4804941,0.0024013221,80.0,1,0.9981673,0.0002292,-39.48308563232422,46.35074996948242,0.39123600161518624,7616000,275,27842
120,-65.218544,32.57482,-123.307014,-21.03673,0.0,0.0,0.0,0.0,330.1554,26.0,500.0,-0.22581106,-2.5961223,0.023626298,2.825606e-05,-1.8085184,0.8394413,-2.8255745e-05,0.0051391646,-0.0013367522,-0.0022955379,0.47794,0.0023186659,80.0,1,0.9996507,0.00022859999999999997,-39.23054885864258,46.34092712402344,0.3902379902260285,7680000,277,27845
121,-68.69804,34.566708,-163.40689,-19.998611,0.0,0.0,0.0,0.0,306.94806,24.0,500.0,-0.2337969,-2.7327278,-0.0061764717,-0.0008638425,-1.6033845,0.8501973,0.0008638423,0.0043649212,-0.0012407269,-0.0018155779,0.47537944,0.002322963,80.0,1,0.9982352,0.00022799999999999999,-38.98561096191406,46.32829666137695,0.3892399958191972,7744000,279,27795
122,-66.29191,33.242897,-113.981186,-19.32312,0.0,0.0,0.0,0.0,315.59872,25.0,500.0,-0.22761518,-2.6964288,0.022107348,0.00046569644,-1.594549,0.8200426,-0.0004656969,0.0041820053,-0.0012085153,-0.0016647733,0.4728121,0.0022786083,80.0,1,1.0000747,0.00022739999999999997,-38.740745544433594,46.31665802001953,0.3882420081613623,7808000,282,27884
123,-65.11333,33.037205,-108.88654,-24.570562,0.0,0.0,0.0,0.0,320.91446,26.0,500.0,-0.2228811,-2.4687834,-0.034908816,0.002030148,-1.6039407,0.76334476,-0.0020301484,0.00322713,-0.0010168541,-0.0013873668,0.47023824,0.0019679107,80.0,1,1.0002421,0.00022679999999999998,-38.497337341308594,46.30414581298828,0.38724399414195,7872000,284,27830
124,-62.345078,31.598583,-110.00045,-23.513079,0.0,0.0,0.0,0.0,348.03522,24.0,500.0,-0.21323343,-2.484048,0.014959559,0.0007941236,-1.5817477,0.82273024,-0.00079412345,0.0030279015,-0.00096529216,-0.0011500182,0.46765766,0.0020141606,80.0,1,1.0001545,0.00022619999999999997,-38.25562286376953,46.288818359375,0.38624599015853356,7936000,286,27808
125,-66.94707,33.382072,-126.886665,-24.402895,0.0,0.0,0.0,0.0,311.96753,24.0,500.0,-0.22905347,-2.5144427,0.0143794045,0.0021294593,-1.5898612,1.0046401,-0.00212946,0.0043832194,-0.0012159417,-0.00187525,0.4650706,0.0022999346,80.0,1,1.0004553,0.00022559999999999998,-38.02320098876953,46.269325256347656,0.385248009374007,8000000,288,27835
126,-59.65568,31.335623,-125.61588,-22.149805,0.0,0.0,0.0,0.0,364.65277,26.0,500.0,-0.20322116,-2.5403981,0.0069802105,0.0001423265,-1.4628797,0.7869768,-0.0001423273,0.0028154328,-0.00092005264,-0.0012124833,0.4624766,0.002074543,80.0,1,1.0001478,0.000225,-37.78721237182617,46.250946044921875,0.38424999620757794,8064000,291,27797
127,-55.822052,30.957357,-108.91077,-20.870304,0.0,0.0,0.0,0.0,379.31915,26.0,500.0,-0.2000096,-2.603784,0.0147241205,0.002199716,-1.6505855,0.8130857,-0.0021997155,0.0032551615,-0.0010025768,-0.001324745,0.45987603,0.002138789,80.0,1,1.0007052,0.00022439999999999998,-37.550201416015625,46.23447036743164,0.3832520099755756,8128000,293,27823
128,-64.62735,33.00477,-111.07213,-23.916553,0.0,0.0,0.0,0.0,324.68387,26.0,500.0,-0.21937686,-2.4860868,0.008573383,-0.00052129466,-1.4201373,1.1692928,0.00052129437,0.0040744096,-0.00119058,-0.001978006,0.45726863,0.0023329086,80.0,1,0.99927837,0.0002238,-37.325931549072266,46.211238861083984,0.38225399556290396,8192000,295,27786
129,-67.25614,33.95081,-123.88247,-23.397467,0.0,0.0,0.0,0.0,304.6,27.0,500.0,-0.21892144,-2.4151654,0.0066675246,-0.0026843096,-1.6374805,0.77062756,0.0026843096,0.0035629878,-0.0010683034,-0.0016227331,0.45465425,0.0023819339,80.0,1,0.99836445,0.00022319999999999998,-37.10829544067383,46.185028076171875,0.3812559894315612,8256000,298,27799
130,-66.52795,33.735058,-124.78719,-21.705734,0.0,0.0,0.0,0.0,313.1074,27.0,500.0,-0.2252381,-2.3568344,-0.0457064,0.0011449658,-1.4186039,1.0894272,-0.0011449651,0.0037772767,-0.0011120359,-0.001681173,0.45203313,0.0022903807,80.0,1,1.0003333,0.0002226,-36.892059326171875,46.15814971923828,0.38025800510493746,8320000,300,27847
131,-65.672035,33.65382,-110.13893,-22.14144,0.0,0.0,0.0,0.0,316.14838,22.0,500.0,-0.22535752,-2.4487824,0.0059973598,0.00079563074,-1.4844944,0.87768567,-0.00079563126,0.0036272726,-0.001117518,-0.0014490208,0.44940522,0.002228933,80.0,1,1.0005078,0.00022199999999999998,-36.679256439208984,46.12968826293945,0.3792600108593067,8384000,302,27803
132,-63.65255,33.138477,-108.79908,-22.232061,0.0,0.0,0.0,0.0,329.298,27.0,500.0,-0.2118498,-2.5315037,0.015118055,0.00073264446,-1.4807947,0.8652443,-0.00073264487,0.003308891,-0.0010572303,-0.0012771974,0.44677022,0.0022404827,80.0,1,0.9999358,0.0002214,-36.46554946899414,46.10273361206055,0.37826199795691273,8448000,305,27889
133,-62.397915,32.667206,-109.43324,-22.14908,0.0,0.0,0.0,0.0,340.53473,27.0,500.0,-0.20710206,-2.484483,-0.0122521,-0.00058351696,-1.8366967,0.78428024,0.0005835171,0.0033434494,-0.0010272916,-0.0014970516,0.44412845,0.0021721837,80.0,1,0.9998851,0.00022079999999999997,-36.25511932373047,46.072509765625,0.3772640028349452,8512000,307,27810
134,-60.53404,34.090843,-127.58083,-19.387506,0.0,0.0,0.0,0.0,343.10596,26.0,500.0,-0.20735815,-2.445254,0.015734345,0.0012349067,-1.6664805,0.9087624,-0.0012349065,0.0037197755,-0.001132064,-0.0019280731,0.44147968,0.0023452293,80.0,1,1.0003619,0.00022019999999999999,-36.04579162597656,46.04389572143555,0.3762659943743887,8576000,309,27810
135,-61.4419,34.63464,-110.12122,-20.380095,0.0,0.0,0.0,0.0,329.98657,25.0,500.0,-0.20294909,-2.6322775,0.009434536,-4.3299196e-06,-1.7862766,0.71801037,4.329835e-06,0.0042929044,-0.0011646905,-0.0017980284,0.4388237,0.0023517697,80.0,1,1.0006104,0.00021959999999999997,-35.83933639526367,46.01470947265625,0.37526800899830814,8640000,312,27838
136,-58.11784,32.363075,-109.16763,-20.504965,0.0,0.0,0.0,0.0,356.92807,21.0,500.0,-0.19182637,-2.472988,-0.019132972,0.00075148593,-1.2865943,0.7071133,-0.0007514857,0.0025352382,-0.00091231265,-0.0011807962,0.43616062,0.0020053815,80.0,1,0.9995661,0.00021899999999999998,-35.63120651245117,45.98573303222656,0.3742699936216597,8704000,314,27759
137,-62.875443,34.41306,-150.79681,-22.117884,0.0,0.0,0.0,0.0,337.76,27.0,500.0,-0.2075442,-2.5722404,-0.010199472,-6.905818e-05,-1.6843495,0.8235362,6.905786e-05,0.0046665817,-0.0012705128,-0.0016798114,0.43349072,0.0025195824,80.0,1,0.9995169,0.00021839999999999997,-35.43368148803711,45.951114654541016,0.3732720070794064,8768000,316,27797
138,-62.338055,34.92884,-110.8665,-22.667984,0.0,0.0,0.0,0.0,323.88312,26.0,500.0,-0.20769443,-2.6154933,-0.011838742,-0.0008034897,-1.5788167,0.638067,0.0008034898,0.0032475544,-0.0010442685,-0.0014681226,0.4308134,0.0022847885,80.0,1,0.99923533,0.00021779999999999998,-35.237667083740234,45.917659759521484,0.37227399674648526,8832000,318,27815
139,-64.02802,34.492073,-113.14869,-20.995573,0.0,0.0,0.0,0.0,319.18668,24.0,500.0,-0.21202454,-2.624083,-0.020983934,-0.0005537775,-1.6360216,0.71944815,0.0005537775,0.0041305814,-0.001273946,-0.0018910712,0.42812896,0.0026326252,80.0,1,0.99911207,0.00021719999999999997,-35.045799255371094,45.88140869140625,0.3712759991926063,8896000,321,27832
140,-62.415154,33.63581,-110.94205,-20.022888,0.0,0.0,0.0,0.0,331.70346,28.0,500.0,-0.20464088,-2.524062,0.036970794,0.0013381431,-1.5494442,1.0215964,-0.001338144,0.0035831253,-0.0010563834,-0.0014862353,0.42543745,0.0022084415,80.0,1,1.0006057,0.00021659999999999998,-34.85334396362305,45.8460578918457,0.3702780065705038,8960000,323,27819
141,-61.717144,34.766125,-141.01923,-22.566835,0.0,0.0,0.0,0.0,332.34015,27.0,500.0,-0.19835572,-2.6026635,0.046037644,-0.0015446369,-1.6883678,0.76323885,0.0015446371,0.003283204,-0.0010375862,-0.0014697362,0.42273828,0.0021477966,80.0,1,0.9992422,0.00021599999999999996,-34.663795471191406,45.810028076171875,0.369279989221283,9024000,325,27795
142,-63.126637,34.32033,-109.17671,-19.63279,0.0,0.0,0.0,0.0,322.14908,27.0,500.0,-0.21439241,-2.5225556,0.0707008,0.0021946635,-1.5050678,0.7970511,-0.0021946633,0.003924418,-0.0011550889,-0.0018401624,0.42003226,0.0024432146,80.0,1,1.0000358,0.00021539999999999998,-34.47837448120117,45.77292251586914,0.36828200572812186,9088000,328,27892
143,-61.666298,34.299732,-118.08246,-20.23724,0.0,0.0,0.0,0.0,333.26028,25.0,500.0,-0.20437244,-2.530077,0.016064152,0.00041430249,-1.6046218,0.91834176,-0.00041430208,0.0033835084,-0.0010352068,-0.0015277066,0.41731858,0.00230993,80.0,1,0.99905777,0.00021479999999999996,-34.29344177246094,45.7352294921875,0.3672839828079219,9152000,330,27820
144,-62.38395,34.81226,-129.64659,-22.507803,0.0,0.0,0.0,0.0,329.85443,26.0,500.0,-0.21356657,-2.4654605,0.013817877,0.0014527986,-1.5386467,0.9509956,-0.001452799,0.0044814153,-0.0012724518,-0.0021892493,0.4145976,0.0025644326,80.0,1,0.9995325,0.00021419999999999998,-34.11354446411133,45.695735931396484,0.36628597908371124,9216000,332,27817
145,-63.832912,35.346752,-128.03412,-21.284687,0.0,0.0,0.0,0.0,315.83554,26.0,500.0,-0.2090821,-2.3761132,0.014560364,0.00016620338,-1.4867673,0.81765264,-0.00016620354,0.0037853024,-0.0011217283,-0.0018172013,0.4118692,0.002297562,80.0,1,0.99936503,0.00021359999999999996,-33.93581771850586,45.65607452392578,0.36528798734400497,9280000,335,27793
146,-59.27106,34.006233,-110.98405,-20.561115,0.0,0.0,0.0,0.0,343.19727,26.0,500.0,-0.20105737,-2.6670308,-0.022608079,0.0020040215,-1.2608747,0.9034498,-0.0020040213,0.0038117566,-0.0011568073,-0.0018699749,0.40913343,0.0023787217,80.0,1,1.000088,0.00021299999999999997,-33.756736755371094,45.61627960205078,0.3642899788615118,9344000,337,27833
147,-61.56142,34.297707,-126.9972,-22.182848,0.0,0.0,0.0,0.0,335.05634,27.0,500.0,-0.20603661,-2.5644977,-0.003470704,0.0009919852,-1.6170368,0.62276506,-0.0009919845,0.0041690287,-0.0011963167,-0.002126921,0.40639016,0.002440195,80.0,1,1.0001113,0.00021239999999999996,-33.581764221191406,45.57443618774414,0.3632920119596782,9408000,339,27775
148,-61.90399,34.571644,-137.13933,-23.394474,0.0,0.0,0.0,0.0,330.1192,23.0,500.0,-0.20382522,-2.4677093,0.0044988394,0.0011802332,-1.5977416,0.7413005,-0.0011802334,0.003154508,-0.0010003166,-0.0013867167,0.40363935,0.0021993192,80.0,1,0.9996911,0.00021179999999999997,-33.40930938720703,45.53262710571289,0.36229401487859797,9472000,342,27829
149,-63.130768,35.320553,-150.8571,-22.037897,0.0,0.0,0.0,0.0,325.11487,25.0,500.0,-0.20017508,-2.5766563,0.0017328858,-0.0019871274,-1.8872807,0.760525,0.0019871271,0.0042350045,-0.0012553099,-0.002116452,0.40088084,0.0026534,80.0,1,0.99868596,0.00021119999999999996,-33.24043655395508,45.48973846435547,0.3612960029084286,9536000,344,27826
150,-59.513348,33.634586,-124.91227,-19.469795,0.0,0.0,0.0,0.0,348.60135,26.0,500.0,-0.20320246,-2.5531409,-0.011584155,0.0009052464,-1.5724195,0.8841887,-0.0009052465,0.0038567143,-0.0012201503,-0.0020195108,0.3981147,0.0024540955,80.0,1,1.0004926,0.00021059999999999997,-33.07123565673828,45.446773529052734,0.36029799129760637,9600000,346,27804
151,-58.839928,34.036144,-109.42112,-22.943985,0.0,0.0,0.0,0.0,342.96,23.0,500.0,-0.19585471,-2.4720054,0.004158877,0.00065331446,-1.8159885,0.9562499,-0.0006533147,0.0034280443,-0.0010507011,-0.0017157504,0.3953409,0.0023582652,80.0,1,0.9992701,0.00020999999999999998,-32.90269088745117,45.40445327758789,0.3592999952524963,9664000,348,27816
152,-57.087784,34.29148,-170.67523,-22.070938,0.0,0.0,0.0,0.0,362.86896,27.0,500.0,-0.19941902,-2.59596,-0.024112806,0.0013737153,-1.3870559,1.0038589,-0.0013737159,0.003694176,-0.0011213041,-0.0019119778,0.3925595,0.0023579812,80.0,1,1.0003355,0.00020939999999999997,-32.73611831665039,45.36049270629883,0.35830198722411755,9728000,351,27898
153,-56.286854,33.1864,-123.99652,-19.267138,0.0,0.0,0.0,0.0,365.91428,23.0,500.0,-0.1994831,-2.4982915,-0.0018133074,0.0026971186,-1.652413,0.84195864,-0.002697119,0.0042983736,-0.0011879153,-0.0022354673,0.38977006,0.0024356619,80.0,1,1.0002404,0.00020879999999999998,-32.57026672363281,45.31666946411133,0.3573039826905531,9792000,353,27778
154,-56.83222,33.009163,-130.0724,-22.380733,0.0,0.0,0.0,0.0,363.09723,26.0,500.0,-0.20126157,-2.6976454,0.0012358576,0.0035866727,-1.6152749,0.93663263,-0.0035866725,0.0041201543,-0.0011881142,-0.0020538955,0.38697317,0.002244982,80.0,1,1.0016147,0.00020819999999999996,-32.407413482666016,45.27170181274414,0.3563059970867526,9856000,355,27765
155,-59.127476,35.093426,-111.81819,-22.20257,0.0,0.0,0.0,0.0,337.95425,24.0,500.0,-0.19706477,-2.6189892,0.0011385307,-0.0007218033,-1.6359383,0.8778499,0.00072180317,0.003804866,-0.0011926418,-0.0020183774,0.38416818,0.0024401178,80.0,1,0.99947745,0.00020759999999999998,-32.24871063232422,45.227054595947266,0.35530800344815744,9920000,358,27863
156,-54.814034,33.354897,-113.58338,-18.878035,0.0,0.0,0.0,0.0,367.38028,27.0,500.0,-0.18212076,-2.4698987,-0.028584287,-0.00044270873,-1.2450334,0.77255505,0.0004427092,0.0028473847,-0.0009698068,-0.0014414839,0.3813555,0.0022379614,80.0,1,0.9999123,0.00020699999999999996,-32.08756637573242,45.18304443359375,0.35431001747927265,9984000,360,27805
157,-57.07481,34.146893,-109.70115,-21.371576,0.0,0.0,0.0,0.0,352.40817,27.0,500.0,-0.19086833,-2.514891,-0.027602017,0.0006455532,-1.7977445,0.7134631,-0.0006455537,0.0031535355,-0.00097114034,-0.0015553564,0.3785348,0.0022782926,80.0,1,1.001416,0.00020639999999999998,-31.930025100708008,45.13797378540039,0.3533120127222971,10048000,362,27793
158,-64.24633,36.328205,-123.91526,-19.879858,0.0,0.0,0.0,0.0,304.3791,26.0,500.0,-0.20144491,-2.6621773,-0.015331805,-0.0012551562,-1.4426241,0.96852094,0.0012551565,0.0036392824,-0.00110202,-0.0019529059,0.3757061,0.0023671545,80.0,1,0.9991332,0.00020579999999999996,-31.77921485900879,45.09208297729492,0.35231400514980876,10112000,365,27786
159,-53.666637,33.78559,-139.9799,-21.309706,0.0,0.0,0.0,0.0,375.5435,27.0,500.0,-0.17550543,-2.5760067,-0.026448563,-0.00031026913,-1.871143,1.1431941,0.000310269,0.0035302807,-0.0010348957,-0.0019753121,0.3728694,0.0024435888,80.0,1,0.99952275,0.00020519999999999997,-31.623489379882812,45.046409606933594,0.35131601068939855,10176000,367,27767
160,-57.10281,35.146595,-109.34683,-16.317198,0.0,0.0,0.0,0.0,346.70834,24.0,500.0,-0.18809667,-2.718956,-0.033282667,0.00093571126,-1.78079,0.87218004,-0.00093571097,0.005409574,-0.0013315789,-0.0029480609,0.37002465,0.0027049817,80.0,1,0.9991083,0.00020459999999999996,-31.47138786315918,45.00090408325195,0.35031800346212666,10240000,369,27763
161,-57.808628,34.510693,-109.64735,-17.373812,0.0,0.0,0.0,0.0,346.1389,24.0,500.0,-0.18598972,-2.5875192,-0.00937219,0.00072730717,-1.6485132,0.9374076,-0.00072730775,0.0034401156,-0.0010671197,-0.0017696981,0.3671717,0.0023159783,80.0,1,1.000067,0.00020399999999999997,-31.32120704650879,44.95447540283203,0.34931999966136884,10304000,372,27824
162,-55.112217,34.195732,-108.393265,-19.599865,0.0,0.0,0.0,0.0,357.18494,25.0,500.0,-0.17965351,-2.3679059,-0.033408284,0.0011063378,-1.5324143,1.001757,-0.0011063382,0.0031985892,-0.0010548701,-0.0018664753,0.36431074,0.0023308299,80.0,1,1.0001204,0.00020339999999999996,-31.170516967773438,44.908992767333984,0.34832201543435076,10368000,374,27878
163,-56.297085,35.436207,-109.332794,-19.151829,0.0,0.0,0.0,0.0,347.89865,24.0,500.0,-0.17416184,-2.5057147,0.0012978166,-0.0033412413,-1.9393432,0.78342384,0.0033412413,0.0047766156,-0.0012883786,-0.002528829,0.36144117,0.0027264715,80.0,1,0.9984364,0.00020279999999999997,-31.02347755432129,44.86298751831055,0.34732398407325576,10432000,376,27756
164,-54.734734,34.154533,-145.13121,-20.979855,0.0,0.0,0.0,0.0,366.5102,27.0,500.0,-0.17340061,-2.5630593,0.004160106,-0.0017419264,-1.7081131,0.7980445,0.0017419262,0.0038103564,-0.0011225595,-0.0021046968,0.3585639,0.0026192411,80.0,1,0.99732095,0.00020219999999999995,-30.877582550048828,44.81554412841797,0.3463260049161927,10496000,378,27797
165,-58.600357,35.808647,-123.28176,-20.020317,0.0,0.0,0.0,0.0,336.06848,25.0,500.0,-0.18567115,-2.5133,0.029981494,0.00023935139,-1.8246354,0.8658422,-0.00023935107,0.0030812693,-0.0010213461,-0.0013809628,0.35567802,0.0024004525,80.0,1,0.99909556,0.00020159999999999997,-30.734769821166992,44.76844024658203,0.3453280116369282,10560000,381,27824
166,-59.31385,36.29873,-121.6939,-19.634151,0.0,0.0,0.0,0.0,330.63196,24.0,500.0,-0.18447794,-2.4775798,-0.017165236,-0.00017120701,-1.8387418,0.8623602,0.00017120695,0.0042710267,-0.0012499997,-0.0022969872,0.35278368,0.0027007947,80.0,1,0.99880445,0.00020099999999999995,-30.594039916992188,44.720977783203125,0.3443299798605651,10624000,383,27797
167,-61.41096,37.652798,-118.81938,-18.197851,0.0,0.0,0.0,0.0,313.07483,20.0,500.0,-0.18169145,-2.581015,-0.0068483204,-0.0030921174,-1.920149,0.64729273,0.0030921174,0.004668531,-0.0013503737,-0.0025176695,0.34988114,0.0028187395,80.0,1,0.99773514,0.00020039999999999997,-30.456735610961914,44.673728942871094,0.34333200842500067,10688000,385,27781
168,-59.446774,36.816822,-120.36526,-17.821722,0.0,0.0,0.0,0.0,324.4645,26.0,500.0,-0.18771924,-2.628847,0.031587183,0.00075107906,-1.8110884,0.92243534,-0.00075107976,0.0033828143,-0.001127948,-0.0016441193,0.34697008,0.0024257572,80.0,1,0.99947846,0.00019979999999999995,-30.319562911987305,44.62666320800781,0.34233399112080304,10752000,388,27578
169,-63.046192,36.969513,-112.77163,-19.12482,0.0,0.0,0.0,0.0,307.8773,25.0,500.0,-0.19575612,-2.5304027,-0.018064,-0.0018575593,-1.7403622,1.0898587,0.001857559,0.0056550256,-0.0014800408,-0.0031203567,0.34405047,0.0027285363,80.0,1,0.99905336,0.00019919999999999996,-30.187788009643555,44.57796859741211,0.3413359858788525,10816000,390,27778
170,-62.65395,36.07321,-109.61223,-21.079777,0.0,0.0,0.0,0.0,314.97452,27.0,500.0,-0.19496834,-2.5789418,-0.007894598,0.000106534244,-1.4552898,0.8386474,-0.00010653434,0.004002614,-0.0012456903,-0.0020939263,0.3411226,0.0025107265,80.0,1,0.9992618,0.00019859999999999995,-30.056692123413086,44.52862548828125,0.3403380095332396,10880000,392,27822
171,-53.843098,34.620396,-110.84438,-18.55094,0.0,0.0,0.0,0.0,361.7551,26.0,500.0,-0.16785105,-2.534954,-0.012629956,-0.00044639444,-1.5793445,0.8302118,0.00044639525,0.002594779,-0.0009129638,-0.0011918426,0.3381858,0.002307941,80.0,1,0.99813,0.00019799999999999996,-29.92029571533203,44.480979919433594,0.33933999796320524,10944000,395,27804
172,-58.087345,35.922626,-131.71967,-18.385658,0.0,0.0,0.0,0.0,345.64667,27.0,500.0,-0.18865637,-2.8113718,-0.025154501,0.00026306344,-1.7351291,1.1032747,-0.000263063,0.0047787237,-0.001258245,-0.0024356889,0.33524045,0.0027047698,80.0,1,0.9998379,0.00019739999999999995,-29.790388107299805,44.43095779418945,0.3383420089499551,11008000,397,27955
173,-58.259575,36.678547,-109.53506,-15.988964,0.0,0.0,0.0,0.0,333.33557,29.0,500.0,-0.18444328,-2.7278678,0.024643146,0.00029942163,-1.5995498,0.9442827,-0.0002994213,0.004713662,-0.0013152258,-0.002330307,0.33228642,0.002562813,80.0,1,1.0003011,0.00019679999999999999,-29.659902572631836,44.38296127319336,0.33734401931895874,11072000,399,27767
174,-59.474636,37.665733,-132.80989,-19.377552,0.0,0.0,0.0,0.0,325.2819,24.0,500.0,-0.18905026,-2.7581275,-0.021735251,0.00052041135,-1.8057908,0.82155573,-0.0005204114,0.00456679,-0.0012747161,-0.0025024775,0.32932374,0.0023828193,80.0,1,1.0000244,0.0001962,-29.53203773498535,44.33464813232422,0.33634600632034156,11136000,402,27792
175,-60.23321,37.31781,-138.1416,-18.243616,0.0,0.0,0.0,0.0,323.33545,24.0,500.0,-0.18844575,-2.6899047,-0.021696463,-0.0013228205,-1.8391938,1.0220741,0.0013228201,0.0049512554,-0.0013275526,-0.0025291557,0.3263521,0.0026605623,80.0,1,0.99817145,0.00019559999999999998,-29.40719223022461,44.28546905517578,0.3353479876050301,11200000,404,27767
176,-55.455967,36.526596,-108.591576,-15.443341,0.0,0.0,0.0,0.0,342.97958,28.0,500.0,-0.17673847,-2.7855477,0.007348262,0.0016853942,-1.9776163,0.98974544,-0.0016853942,0.0041522263,-0.0011175319,-0.00230139,0.32337147,0.002311043,80.0,1,1.0005026,0.000195,-29.278366088867188,44.23809814453125,0.33434998077180506,11264000,406,27816
177,-51.469124,34.06292,-111.59243,-15.460921,0.0,0.0,0.0,0.0,372.46808,24.0,500.0,-0.16862424,-2.6238027,0.014542028,0.0018115519,-1.3697534,0.9071974,-0.0018115521,0.0028354,-0.00096201873,-0.0016412733,0.32038212,0.0022588158,80.0,1,0.99932396,0.00019439999999999998,-29.148963928222656,44.189884185791016,0.3333520033668361,11328000,409,27799
178,-54.666584,36.207726,-137.10419,-18.108318,0.0,0.0,0.0,0.0,355.50674,28.0,500.0,-0.17166665,-2.6779284,0.1603986,-0.00092865346,-1.7450483,0.81121683,0.0009286533,0.004844493,-0.001239495,-0.002732954,0.3173838,0.002533365,80.0,1,0.99982923,0.0001938,-29.024076461791992,44.141109466552734,0.33235399364384405,11392000,411,27804
179,-56.376793,36.57392,-149.71658,-17.524033,0.0,0.0,0.0,0.0,346.75342,27.0,500.0,-0.17499615,-2.5446684,0.04774072,-0.0016139967,-1.5519459,1.0059344,0.0016139967,0.0036911361,-0.0010821848,-0.0018189831,0.31437662,0.0024830888,80.0,1,0.9982518,0.00019319999999999998,-28.901676177978516,44.09107971191406,0.3313560092568932,11456000,413,27788
180,-53.518547,35.52156,-124.10815,-19.760012,0.0,0.0,0.0,0.0,359.2925,25.0,500.0,-0.17409359,-2.624253,-0.004056286,0.00056873925,-1.9634594,0.93541694,-0.0005687401,0.0044205235,-0.0012318472,-0.0024464326,0.31136015,0.002445463,80.0,1,1.0006704,0.0001926,-28.7779598236084,44.04241180419922,0.33035798918489234,11520000,415,27799
181,-55.959812,35.127945,-108.45163,-18.542562,0.0,0.0,0.0,0.0,347.76712,24.0,500.0,-0.17772056,-2.842404,0.084409185,0.0010204247,-1.7846614,0.8890273,-0.0010204251,0.004128281,-0.0012244671,-0.0023483285,0.30833456,0.0024799807,80.0,1,0.99830437,0.00019199999999999998,-28.656482696533203,43.992862701416016,0.32935999109229713,11584000,418,27805
182,-54.79692,35.32511,-110.75629,-16.880344,0.0,0.0,0.0,0.0,353.52414,25.0,500.0,-0.17462069,-2.540349,0.021181613,0.0015448007,-1.9721704,0.8148918,-0.001544801,0.0034417345,-0.0010235612,-0.0016561205,0.30529982,0.0022940258,80.0,1,1.0002091,0.0001914,-28.535722732543945,43.94359588623047,0.3283619938250475,11648000,420,27910
183,-54.52194,36.261936,-108.835335,-16.81742,0.0,0.0,0.0,0.0,349.5486,28.0,500.0,-0.17691931,-2.5623493,0.02258303,0.0014492483,-1.4925903,1.2630023,-0.0014492483,0.004180146,-0.001200397,-0.0026881637,0.30225608,0.002375773,80.0,1,1.0009048,0.00019079999999999998,-28.416126251220703,43.89469909667969,0.3273640156742645,11712000,422,27827
184,-55.000103,35.73678,-109.20592,-15.5820675,0.0,0.0,0.0,0.0,350.47018,26.0,500.0,-0.17255485,-2.6726556,0.009721819,-0.0014305207,-1.8403435,0.8706541,0.0014305211,0.0048009856,-0.0013115603,-0.0024564415,0.29920268,0.0025607664,80.0,1,0.99949163,0.0001902,-28.29854965209961,43.845436096191406,0.3263659970633094,11776000,425,27828
185,-47.37898,32.80902,-109.71686,-17.323477,0.0,0.0,0.0,0.0,393.2029,27.0,500.0,-0.15521385,-2.5231223,0.13069913,0.0007362778,-1.3136448,1.1329231,-0.00073627743,0.0027169127,-0.00090483343,-0.0017034269,0.29614016,0.002183136,80.0,1,0.99836355,0.00018959999999999997,-28.177812576293945,43.79632568359375,0.32536799567142227,11840000,427,27652
186,-54.872402,36.621567,-109.263084,-14.457569,0.0,0.0,0.0,0.0,345.02054,24.0,500.0,-0.16347449,-2.5095105,0.011501044,-0.002761317,-2.02207,0.74681884,0.002761318,0.004183228,-0.0011480772,-0.0021374836,0.29306796,0.0025381688,80.0,1,0.998937,0.00018899999999999999,-28.06214141845703,43.74713134765625,0.3243699913090489,11904000,429,27749
187,-53.598667,36.18768,-110.33785,-18.179142,0.0,0.0,0.0,0.0,352.87756,23.0,500.0,-0.166236,-2.6071584,0.07846829,-0.0019058129,-1.9232373,1.123259,0.0019058131,0.00430336,-0.0012204922,-0.0024421047,0.2899866,0.002620801,80.0,1,0.99821293,0.00018839999999999997,-27.94744873046875,43.69792556762695,0.32337200275386335,11968000,432,27763
188,-49.30206,33.784637,-109.054016,-17.175356,0.0,0.0,0.0,0.0,382.45984,25.0,500.0,-0.15896846,-2.8443444,0.1176348,0.0007515784,-1.7275181,0.97202635,-0.0007515778,0.0031892157,-0.0009603732,-0.0015068221,0.28689572,0.0023037584,80.0,1,0.9987471,0.00018779999999999998,-27.830894470214844,43.64877700805664,0.32237401029542967,12032000,434,27823
189,-52.768845,35.249023,-108.71292,-17.448452,0.0,0.0,0.0,0.0,362.1736,27.0,500.0,-0.16892207,-2.859394,0.15875533,0.001277332,-1.5938582,0.82263786,-0.0012773322,0.0036117493,-0.0011309001,-0.0020325698,0.2837949,0.002364085,80.0,1,1.000504,0.0001872,-27.717309951782227,43.599525451660156,0.32137599464051936,12096000,436,27775
190,-50.815292,34.9085,-134.93977,-18.640308,0.0,0.0,0.0,0.0,376.56934,26.0,500.0,-0.16204791,-2.62983,-0.0021945722,0.0010856835,-1.5987391,0.87558556,-0.0010856832,0.0030491296,-0.000994088,-0.0016945285,0.28068492,0.0022910333,80.0,1,1.0000775,0.00018659999999999998,-27.604049682617188,43.5499382019043,0.32037801329663457,12160000,439,27795
191,-52.191837,35.964397,-109.24548,-15.583132,0.0,0.0,0.0,0.0,357.3916,27.0,500.0,-0.16312447,-2.7715075,-0.00047321618,7.2021605e-05,-1.704176,0.8580436,-7.202159e-05,0.0023080008,-0.00076698256,-0.0011421384,0.27756497,0.0020421594,80.0,1,1.0006075,0.000186,-27.492101669311523,43.50092315673828,0.31938000901642877,12224000,441,27792
192,-52.073254,35.270485,-126.60567,-16.633389,0.0,0.0,0.0,0.0,367.26086,24.0,500.0,-0.1637966,-2.7826881,-0.006024964,-0.0008194571,-1.7593536,1.162195,0.00081945676,0.004118434,-0.0011534176,-0.0025051497,0.2744351,0.0025346912,80.0,1,1.0003757,0.00018539999999999998,-27.38217544555664,43.45071029663086,0.3183820013521721,12288000,443,27886
193,-53.31168,36.275093,-109.26585,-17.684788,0.0,0.0,0.0,0.0,353.84137,25.0,500.0,-0.16723624,-2.4815967,0.0059933253,-0.00033154106,-1.8205585,1.1092439,0.0003315404,0.0047512986,-0.0012686313,-0.002776995,0.27129564,0.00264463,80.0,1,0.99895453,0.0001848,-27.273456573486328,43.40164566040039,0.31738400979523185,12352000,445,27816
194,-53.54842,36.613056,-119.22006,-16.473446,0.0,0.0,0.0,0.0,351.94632,26.0,500.0,-0.17390363,-2.8676193,-0.008639835,0.0012625277,-1.6448472,0.8658759,-0.0012625277,0.0034212722,-0.0010679017,-0.0018409921,0.26814628,0.002433904,80.0,1,1.0005326,0.00018419999999999998,-27.16649055480957,43.352394104003906,0.3163860160593471,12416000,448,27796
195,-46.51607,33.070312,-112.16399,-17.294722,0.0,0.0,0.0,0.0,396.2353,27.0,500.0,-0.1526177,-2.6362746,0.042805336,-0.00040214034,-1.8553064,0.97166187,0.00040214075,0.0034404444,-0.0010535212,-0.002149145,0.26498693,0.0023490493,80.0,1,0.99984556,0.0001836,-27.056785583496094,43.303279876708984,0.3153880022720807,12480000,450,27762
196,-56.183502,38.145668,-127.265205,-14.778789,0.0,0.0,0.0,0.0,331.8919,26.0,500.0,-0.17397153,-2.6770313,-0.010909509,-0.0011234939,-2.0155733,0.9610635,0.0011234939,0.0034100171,-0.0010203815,-0.0019631223,0.26181743,0.002265361,80.0,1,0.99990475,0.00018299999999999998,-26.952922821044922,43.25408935546875,0.3143899884524414,12544000,452,27801
197,-54.84325,36.174793,-109.76086,-17.032665,0.0,0.0,0.0,0.0,348.2168,24.0,500.0,-0.17560714,-2.631511,0.0245821,0.0022988531,-1.1530648,1.1092627,-0.0022988522,0.003854724,-0.0011543217,-0.002255567,0.25863793,0.002347779,80.0,1,1.0006735,0.0001824,-26.84867286682129,43.204708099365234,0.3133919945561909,12608000,455,27817
198,-50.777122,35.646774,-112.788994,-15.375895,0.0,0.0,0.0,0.0,366.05673,24.0,500.0,-0.16217503,-2.6559174,-0.034538414,0.00014986681,-1.3051789,1.0545353,-0.00014986715,0.002822599,-0.00093932264,-0.0017430258,0.25544837,0.0022462253,80.0,1,0.99881935,0.00018179999999999997,-26.743732452392578,43.155677795410156,0.3123940032349761,12672000,457,27808
199,-57.13525,36.747025,-121.02304,-18.814814,0.0,0.0,0.0,0.0,334.7724,24.0,500.0,-0.17598826,-2.6082869,-0.019321013,0.00014057576,-1.8050406,0.97980505,-0.00014057616,0.004400053,-0.0012075768,-0.0024860685,0.25224873,0.0025572875,80.0,1,0.9978559,0.00018119999999999999,-26.64356803894043,43.105438232421875,0.3113959975518662,12736000,459,27786
200,-52.8853,36.692825,-135.6025,-16.527561,0.0,0.0,0.0,0.0,360.35663,24.0,500.0,-0.16394801,-2.619914,-0.011911262,-0.0012061588,-1.8696604,1.0974818,0.0012061582,0.004932533,-0.0012931259,-0.0028210848,0.24903868,0.0026003998,80.0,1,0.99928945,0.00018059999999999997,-26.5428466796875,43.055458068847656,0.310397997983058,12800000,462,27764
201,-53.212482,36.407356,-110.733765,-16.016756,0.0,0.0,0.0,0.0,354.9197,28.0,500.0,-0.171009,-2.8266344,-0.038197547,0.0017003963,-1.6975249,0.8999681,-0.001700396,0.0033300633,-0.0010483556,-0.001912623,0.24581812,0.0023518447,80.0,1,1.0002389,0.00017999999999999998,-26.44231414794922,43.005348205566406,0.30939998805568575,12864000,464,27779
202,-46.66514,32.529182,-109.62415,-16.424309,0.0,0.0,0.0,0.0,398.03705,25.0,500.0,-0.15234116,-2.6142251,0.0030910373,-6.724453e-05,-1.769212,1.0228641,6.724452e-05,0.0048158495,-0.001241193,-0.0029662633,0.24258731,0.0026231257,80.0,1,0.999604,0.00017939999999999997,-26.339588165283203,42.95572280883789,0.3084019884708054,12928000,466,27841
203,-49.72346,34.38547,-112.91609,-16.799717,0.0,0.0,0.0,0.0,378.3,26.0,500.0,-0.16169809,-2.661177,0.02626079,0.00051872386,-1.9012636,1.1061971,-0.000518724,0.0032486662,-0.0009945547,-0.0019150084,0.23934604,0.0023404974,80.0,1,0.9996883,0.00017879999999999998,-26.239500045776367,42.90591049194336,0.3074039832170731,12992000,469,27760
204,-56.28788,38.090393,-136.10402,-17.819082,0.0,0.0,0.0,0.0,335.32678,28.0,500.0,-0.18501894,-2.7444148,-0.02067963,0.00056071754,-1.7675864,1.0185826,-0.0005607171,0.004143947,-0.001148323,-0.0022460977,0.23609424,0.00252208,80.0,1,1.0000167,0.00017819999999999997,-26.144956588745117,42.85616683959961,0.30640599321782747,13056000,471,27785
205,-46.001007,33.368164,-138.12775,-18.45431,0.0,0.0,0.0,0.0,400.44852,27.0,500.0,-0.15545174,-2.6314917,0.007442627,0.00053139706,-1.5057402,1.0976481,-0.00053139636,0.0033628207,-0.001056277,-0.0020689636,0.23283191,0.002384622,80.0,1,1.0004759,0.0001776,-26.04532814025879,42.806705474853516,0.3054080029206366,13120000,473,27763
206,-53.209927,36.552914,-108.96748,-14.335734,0.0,0.0,0.0,0.0,351.08218,24.0,500.0,-0.1654076,-2.6807408,0.05664105,-0.00033949394,-1.9599104,0.9650364,0.00033949362,0.0035574934,-0.0011207134,-0.0023735724,0.2295587,0.0025545359,80.0,1,1.0006771,0.00017700000000000002,-25.949525833129883,42.75738525390625,0.30440999717997913,13184000,475,27787
207,-54.17014,37.046375,-109.29736,-14.438206,0.0,0.0,0.0,0.0,346.10205,25.0,500.0,-0.16983053,-2.5846605,-0.023045108,5.972749e-05,-1.6933236,1.0878533,-5.972776e-05,0.0043740477,-0.0012966115,-0.0024398975,0.22627492,0.0026489187,80.0,1,1.0009824,0.0001764,-25.855300903320312,42.70814514160156,0.3034119974260967,13248000,478,27784
208,-58.640278,37.806427,-136.58717,-16.314585,0.0,0.0,0.0,0.0,326.4472,24.0,500.0,-0.19009158,-2.905046,-0.028630525,0.00018620881,-1.9011763,1.0640086,-0.00018620858,0.0052690487,-0.0014289797,-0.0028862213,0.22298007,0.0026477505,80.0,1,0.9987385,0.00017580000000000002,-25.76591682434082,42.658348083496094,0.3024139889683358,13312000,480,27779
209,-55.630947,37.172417,-133.28206,-16.295298,0.0,0.0,0.0,0.0,344.53473,27.0,500.0,-0.17090112,-2.886721,0.011358775,-0.00097210193,-1.4471107,0.781306,0.0009721016,0.0025682203,-0.00094047806,-0.0014632687,0.21967457,0.002207657,80.0,1,0.9985738,0.0001752,-25.674423217773438,42.608673095703125,0.30141599345247955,13376000,482,27800
210,-44.29569,31.686327,-109.23653,-14.155746,0.0,0.0,0.0,0.0,407.36566,27.0,500.0,-0.15140653,-2.593955,-0.04314646,0.0009047757,-1.6091418,0.8205076,-0.0009047756,0.0033407526,-0.0010168317,-0.0019753778,0.21635807,0.0023344574,80.0,1,1.0009122,0.00017460000000000002,-25.578439712524414,42.55895233154297,0.30041799663995644,13440000,485,27773
211,-58.85913,38.22987,-110.265945,-17.276377,0.0,0.0,0.0,0.0,321.79605,25.0,500.0,-0.18171374,-2.6965227,-0.023233533,-0.0017339264,-1.9548943,0.99104726,0.0017339264,0.005273109,-0.0014616301,-0.0028819342,0.21303043,0.002775061,80.0,1,0.9984258,0.000174,-25.490856170654297,42.509735107421875,0.29941998469562436,13504000,487,27750
212,-52.13278,35.283768,-124.67312,-14.79955,0.0,0.0,0.0,0.0,368.6993,29.0,500.0,-0.17403638,-2.5410838,-0.018714882,0.0023889483,-1.8161404,1.254251,-0.0023889476,0.0052397167,-0.001358243,-0.0031466328,0.2096919,0.0026440667,80.0,1,1.0000331,0.0001734,-25.400470733642578,42.45989990234375,0.2984220153363941,13568000,489,27853
213,-48.929928,34.887646,-107.99728,-15.2365465,0.0,0.0,0.0,0.0,375.3546,25.0,500.0,-0.14944054,-2.7003305,0.05435848,-0.0007144569,-1.5190316,0.7462942,0.00071445707,0.0026557576,-0.0009092977,-0.001495762,0.20634201,0.0022743323,80.0,1,0.9984549,0.0001728,-25.308115005493164,42.41132736206055,0.2974240039065663,13632000,492,27750
214,-49.62658,35.665356,-109.00181,-16.451126,0.0,0.0,0.0,0.0,371.0909,25.0,500.0,-0.1526454,-2.858854,-0.018630207,-0.0019869318,-1.7868023,1.2118678,0.0019869318,0.0033111614,-0.001009305,-0.0018293327,0.20298089,0.0022042855,80.0,1,0.99864,0.0001722,-25.217702865600586,42.36247253417969,0.2964260084503672,13696000,494,27750
215,-55.429108,38.014683,-108.4405,-13.507905,0.0,0.0,0.0,0.0,335.3007,26.0,500.0,-0.1693515,-2.634281,-0.021125264,0.00017989504,-1.6687605,1.3284497,-0.00017989441,0.0049580606,-0.0013588746,-0.0028689275,0.19960842,0.0027827402,80.0,1,0.99931574,0.0001716,-25.13026237487793,42.313961029052734,0.2954280160252039,13760000,496,27798
216,-58.68099,38.76274,-112.160515,-15.557672,0.0,0.0,0.0,0.0,317.0,25.0,500.0,-0.17502701,-2.789193,-0.022438,-0.0030229713,-2.1903136,0.96145695,0.003022971,0.004661419,-0.0013219479,-0.0028852583,0.1962246,0.0027600839,80.0,1,0.9986231,0.000171,-25.046493530273438,42.265560150146484,0.2944300140881914,13824000,499,27764
217,-50.9315,37.321022,-116.13978,-16.46374,0.0,0.0,0.0,0.0,356.22464,26.0,500.0,-0.15408677,-2.6702838,0.0525258,-0.00031761575,-1.4743204,1.187474,0.00031761633,0.0038539262,-0.0011087685,-0.0024670525,0.19282912,0.0023500375,80.0,1,0.9983944,0.0001704,-24.95815658569336,42.21763229370117,0.29343199049537944,13888000,501,27793
218,-52.07637,36.27382,-110.44136,-12.809418,0.0,0.0,0.0,0.0,357.2349,25.0,500.0,-0.16300537,-2.6395202,0.08934362,0.00014694055,-2.1084466,1.1403208,-0.00014694023,0.0047344463,-0.0012939759,-0.0027709543,0.18942223,0.0028179348,80.0,1,0.9982265,0.0001698,-24.872180938720703,42.16883850097656,0.2924340032226648,13952000,503,27777
219,-52.263233,36.35137,-129.99654,-13.6831875,0.0,0.0,0.0,0.0,365.34482,23.0,500.0,-0.16316396,-2.5256119,-0.02255936,-0.0007987259,-1.5114676,1.0619395,0.00079872564,0.0051539475,-0.001367545,-0.002983883,0.18600367,0.0027743294,80.0,1,0.9981146,0.0001692,-24.787776947021484,42.11966323852539,0.2914360054658946,14016000,506,27817
220,-48.937767,35.38353,-109.80136,-16.494387,0.0,0.0,0.0,0.0,372.831,25.0,500.0,-0.14821649,-2.7072234,0.027129665,-0.0013446352,-1.6737227,1.0273297,0.0013446356,0.002743707,-0.00091297325,-0.0016783131,0.18257333,0.0022766963,80.0,1,0.99763405,0.0001686,-24.701017379760742,42.071502685546875,0.2904379859162529,14080000,508,27821
221,-46.62401,34.058685,-109.41777,-14.973278,0.0,0.0,0.0,0.0,389.9565,29.0,500.0,-0.15141186,-2.7187748,0.13437073,-0.00040066818,-2.0095038,0.98310524,0.00040066804,0.003955371,-0.0010834147,-0.0021433423,0.17913125,0.0023027488,80.0,1,0.9993428,0.000168,-24.615278244018555,42.022361755371094,0.28944000266852465,14144000,510,27771
222,-50.640278,36.69612,-137.12073,-15.474267,0.0,0.0,0.0,0.0,366.33572,28.0,500.0,-0.1577831,-2.778933,0.039920297,-0.0008702923,-1.5859276,0.92858344,0.00087029196,0.0038112751,-0.0011429377,-0.0023167906,0.17567731,0.0024004243,80.0,1,0.9993653,0.0001674,-24.53137969970703,41.97425079345703,0.2884420101057308,14208000,512,27873
223,-47.95295,35.288406,-117.31235,-14.634721,0.0,0.0,0.0,0.0,378.4643,27.0,500.0,-0.15157543,-2.772172,0.05098486,-0.0013794462,-1.8589467,0.8816459,0.0013794464,0.0029199286,-0.000954258,-0.0018396757,0.17221129,0.0023411466,80.0,1,0.9988179,0.0001668,-24.447229385375977,41.925960540771484,0.28744399774682733,14272000,515,27809
224,-46.90753,34.36924,-108.74073,-15.375774,0.0,0.0,0.0,0.0,385.37225,24.0,500.0,-0.14638138,-2.5234153,0.02074312,-0.00089846784,-1.4404507,1.1240425,0.0008984676,0.0024397,-0.0008761062,-0.0015168765,0.16873321,0.0021617454,80.0,1,0.9982714,0.0001662,-24.36268424987793,41.87786865234375,0.2864459896510019,14336000,517,27773
225,-42.99522,32.04265,-108.82488,-14.4451,0.0,0.0,0.0,0.0,408.06668,24.0,500.0,-0.13971236,-2.6792612,-0.015778977,-0.0004248618,-2.0868034,0.95875835,0.0004248614,0.0028399404,-0.00083414937,-0.0016306851,0.16524315,0.0021704892,80.0,1,0.9991367,0.0001656,-24.2774715423584,41.829856872558594,0.28544800979389934,14400000,519,27749
226,-52.06745,36.564457,-108.340004,-15.578478,0.0,0.0,0.0,0.0,356.10388,24.0,500.0,-0.15775284,-2.6942978,0.093827575,-0.0028236108,-2.0867488,0.9137926,0.0028236115,0.004929628,-0.0012568659,-0.0032540804,0.16174078,0.0026207017,80.0,1,0.9984826,0.000165,-24.1975040435791,41.782066345214844,0.28445001424858274,14464000,522,27762
227,-48.740753,36.40081,-110.225,-14.77707,0.0,0.0,0.0,0.0,370.2676,29.0,500.0,-0.14986712,-2.6460445,-0.0011750758,-0.002084196,-1.8011487,1.2490215,0.0020841965,0.0047303233,-0.0012871763,-0.002931418,0.15822601,0.0025247713,80.0,1,0.99853,0.0001644,-24.115936279296875,41.734920501708984,0.2834519937446861,14528000,524,27757
228,-53.242134,37.584774,-135.99547,-17.316122,0.0,0.0,0.0,0.0,352.33804,26.0,500.0,-0.15815136,-2.677358,0.013828885,-0.002712818,-1.8464527,1.1718792,0.0027128179,0.0044694366,-0.0012742414,-0.0026877439,0.15469895,0.0027759217,80.0,1,0.9978445,0.0001638,-24.038116455078125,41.6867561340332,0.28245400674380233,14592000,526,27817
229,-55.32004,37.777954,-113.46594,-15.204944,0.0,0.0,0.0,0.0,338.3841,26.0,500.0,-0.1731367,-2.760494,-0.03558273,-0.00072203745,-1.7011752,1.3871375,0.00072203646,0.0046247244,-0.0012912949,-0.002941317,0.1511594,0.002645699,80.0,1,0.9996153,0.0001632,-23.961538314819336,41.639366149902344,0.28145601048800906,14656000,529,27770
230,-52.923084,38.447426,-122.08048,-14.137092,0.0,0.0,0.0,0.0,344.84137,27.0,500.0,-0.16596405,-2.9281218,-0.040261768,0.0005030638,-1.8914218,0.9569051,-0.00050306437,0.0038237083,-0.0011214691,-0.0023993913,0.14760719,0.0024096246,80.0,1,0.999422,0.0001626,-23.884435653686523,41.59230422973633,0.28045799651630166,14720000,531,27736
231,-49.12482,36.204258,-114.23616,-13.153692,0.0,0.0,0.0,0.0,369.41135,26.0,500.0,-0.15413217,-2.605042,0.015935432,0.00024698413,-2.0396333,1.1472813,-0.00024698337,0.0046542753,-0.0012370555,-0.0027330946,0.14404237,0.002484979,80.0,1,0.9990468,0.000162,-23.806156158447266,41.54489517211914,0.27945999006879996,14784000,533,27764
232,-50.073345,36.944073,-118.00522,-14.508355,0.0,0.0,0.0,0.0,364.69016,29.0,500.0,-0.15545492,-2.7439253,0.016618617,-0.0009443388,-1.4161329,0.9580624,0.0009443393,0.0034014392,-0.0011024119,-0.0017629811,0.1404649,0.0026183343,80.0,1,0.9986194,0.0001614,-23.72934341430664,41.4976806640625,0.27846201629568157,14848000,536,27862
233,-53.271503,38.949898,-131.50183,-14.666507,0.0,0.0,0.0,0.0,344.13815,30.0,500.0,-0.15916152,-2.7551932,-0.008632848,-0.0037927933,-2.1471465,1.1645707,0.0037927926,0.0050675226,-0.0014217603,-0.0030639765,0.13687444,0.0030266903,80.0,1,0.9966773,0.0001608,-23.655132293701172,41.45119857788086,0.27746400102735613,14912000,538,27772
234,-49.872105,36.74281,-132.70511,-13.46651,0.0,0.0,0.0,0.0,366.92908,25.0,500.0,-0.15344846,-2.6884434,-0.0066300053,-0.00013515865,-1.942118,1.2114098,0.00013515897,0.0034496868,-0.0010196578,-0.001953511,0.1332711,0.0022965595,80.0,1,0.99976945,0.0001602,-23.579090118408203,41.40416717529297,0.276466003259258,14976000,540,27751
235,-50.91646,36.411423,-123.17859,-14.455803,0.0,0.0,0.0,0.0,365.0137,27.0,500.0,-0.16201231,-2.6944866,0.005964104,0.000111619294,-1.3584733,1.1392218,-0.00011161878,0.004123674,-0.0012447184,-0.0025396056,0.12965477,0.0025336822,80.0,1,0.99806714,0.0001596,-23.504592895507812,41.356956481933594,0.2754680157413633,15040000,542,27768
236,-53.62756,38.677197,-110.01539,-12.383386,0.0,0.0,0.0,0.0,340.57333,29.0,500.0,-0.16872235,-2.6453958,0.007044738,-0.00083811616,-2.018172,1.4735538,0.0008381157,0.0049970383,-0.0013090125,-0.0031214298,0.1260252,0.0027561067,80.0,1,1.000632,0.000159,-23.431529998779297,41.3109130859375,0.2744699988862624,15104000,545,27761
237,-46.76394,34.672745,-109.61958,-14.455795,0.0,0.0,0.0,0.0,384.69852,22.0,500.0,-0.14676222,-2.6650045,0.01588133,0.0007485925,-1.6488311,1.0428361,-0.000748592,0.0033806837,-0.0010245452,-0.0020160563,0.122382514,0.0024304036,80.0,1,0.99963975,0.0001584,-23.355491638183594,41.26408386230469,0.2734720117646058,15168000,547,27788
238,-49.45737,36.036015,-111.69316,-14.652078,0.0,0.0,0.0,0.0,368.97162,25.0,500.0,-0.15455307,-2.730253,-0.017150087,-0.0011115959,-1.8159612,0.8989366,0.0011115958,0.004215155,-0.0012231602,-0.0026135321,0.11872649,0.0026611253,80.0,1,0.9995631,0.0001578,-23.28146743774414,41.21725845336914,0.27247401543090466,15232000,549,27778
239,-46.807026,35.376328,-107.92393,-14.212605,0.0,0.0,0.0,0.0,380.3037,23.0,500.0,-0.14726628,-2.8234525,0.02186375,-0.00076817785,-1.9467407,0.92423975,0.00076817756,0.0027028741,-0.00090503774,-0.0017041938,0.115057,0.0022604233,80.0,1,0.9974003,0.0001572,-23.20660400390625,41.17076873779297,0.27147600415688666,15296000,552,27776
240,-51.282356,37.622314,-108.64192,-14.306488,0.0,0.0,0.0,0.0,353.97122,28.0,500.0,-0.15807387,-2.7432158,-0.034715332,-0.0005126159,-1.7800038,1.0535678,0.00051261665,0.0048676725,-0.0012367815,-0.0030710334,0.11137402,0.0025388037,80.0,1,0.9991845,0.00015659999999999998,-23.133888244628906,41.12493133544922,0.2704780048355728,15360000,554,27799
241,-43.701897,33.356113,-125.27675,-14.006654,0.0,0.0,0.0,0.0,402.30884,28.0,500.0,-0.14735684,-2.8539035,0.0009443788,0.0015153594,-1.6775515,1.2066602,-0.0015153596,0.0051049814,-0.0013219769,-0.0035610946,0.107677475,0.0026332792,80.0,1,0.998003,0.000156,-23.059696197509766,41.078128814697266,0.26948001213629597,15424000,556,27831
242,-44.96458,34.01535,-132.99196,-16.193233,0.0,0.0,0.0,0.0,396.03546,24.0,500.0,-0.14208005,-2.7491844,-0.017740004,-0.0009950958,-1.9808296,1.0282336,0.000995096,0.0035096612,-0.0009938208,-0.0021529319,0.103967056,0.0021211153,80.0,1,0.9984451,0.00015539999999999998,-22.986589431762695,41.03150177001953,0.2684819890984544,15488000,559,27923
243,-50.135605,36.737133,-109.15292,-14.831215,0.0,0.0,0.0,0.0,362.60992,28.0,500.0,-0.1535369,-2.871641,-0.0004961258,-0.0021228185,-1.8504591,1.2399989,0.002122819,0.0038051908,-0.0010723956,-0.002263568,0.10024297,0.0026493438,80.0,1,0.9985225,0.0001548,-22.915611267089844,40.98554611206055,0.2674839952715593,15552000,561,27774
244,-50.51189,37.171314,-108.79141,-13.793694,0.0,0.0,0.0,0.0,359.20834,26.0,500.0,-0.15579364,-2.9562156,-0.005426554,-0.002019001,-1.5688891,1.1751039,0.002019,0.0032807554,-0.001067996,-0.0018980152,0.096504934,0.0026315954,80.0,1,0.9984579,0.00015419999999999998,-22.84587287902832,40.939571380615234,0.26648599432389597,15616000,563,27800
245,-52.930943,38.107956,-108.69137,-14.776751,0.0,0.0,0.0,0.0,346.41333,30.0,500.0,-0.16361976,-2.6895945,0.0043894965,-0.0015924332,-1.9856458,0.90528256,0.0015924328,0.0038301377,-0.0011684997,-0.0020653133,0.092752926,0.0025817107,80.0,1,0.9989816,0.0001536,-22.777809143066406,40.89405059814453,0.265488014069114,15680000,566,27786
246,-43.434574,32.989944,-108.56119,-13.260773,0.0,0.0,0.0,0.0,402.56204,26.0,500.0,-0.14212018,-2.6434002,-0.00861051,0.0007765855,-2.0259979,0.9627998,-0.00077658426,0.0040963967,-0.0011131135,-0.0024666009,0.088986635,0.00236214,80.0,1,0.99922794,0.00015299999999999998,-22.70591926574707,40.84811782836914,0.26448998762702364,15744000,568,27844
247,-47.079,34.8538,-108.79228,-13.990587,0.0,0.0,0.0,0.0,381.65692,26.0,500.0,-0.14544651,-2.925158,-0.0130330995,-0.00071798847,-2.0452926,1.1142124,0.0007179886,0.004806594,-0.0012617209,-0.0031117944,0.08520627,0.0024452899,80.0,1,0.9995557,0.0001524,-22.635677337646484,40.80221176147461,0.26349200649252713,15808000,570,27775
248,-49.903347,36.652706,-109.16601,-14.200428,0.0,0.0,0.0,0.0,363.2324,23.0,500.0,-0.1549435,-2.7107203,-0.0012642709,-0.0011391086,-2.2125535,1.0863839,0.0011391084,0.0056725037,-0.0013583011,-0.0036596989,0.08141149,0.0026651635,80.0,1,0.99865425,0.00015179999999999998,-22.567636489868164,40.75641632080078,0.2624940046429084,15872000,572,27804
249,-51.88172,37.224873,-109.183975,-11.900722,0.0,0.0,0.0,0.0,353.1757,26.0,500.0,-0.1609189,-3.0544267,-0.0076657375,-0.0014131643,-1.875301,1.3665975,0.001413164,0.0055356203,-0.0014669595,-0.003325616,0.07760227,0.0029346673,80.0,1,0.9991674,0.0001512,-22.501312255859375,40.710758209228516,0.26149601089290037,15936000,575,27752
250,-49.150852,36.677128,-110.399895,-14.376598,0.0,0.0,0.0,0.0,367.8921,26.0,500.0,-0.14710012,-2.732105,0.0011643439,-0.0037677865,-2.0154889,0.9672078,0.003767788,0.004245139,-0.0011467512,-0.0026022296,0.07377839,0.0025099001,80.0,1,0.9979763,0.00015059999999999997,-22.434053421020508,40.66550827026367,0.2604979918399727,16000000,577,27757
251,-48.96445,36.392307,-126.5722,-15.3941555,0.0,0.0,0.0,0.0,371.51797,26.0,500.0,-0.15692912,-2.9230819,-0.016056359,0.0009915995,-1.6771321,1.1755195,-0.0009916003,0.004463616,-0.0012360845,-0.0027582203,0.06993997,0.002684748,80.0,1,0.9994389,0.00015,-22.367422103881836,40.61995315551758,0.2595000077268337,16064000,579,27752
252,-48.193676,36.567127,-108.4869,-12.233333,0.0,0.0,0.0,0.0,369.16666,23.0,500.0,-0.15747574,-2.7513235,0.034132488,0.0031550622,-1.9711065,1.1400839,-0.0031550622,0.0036196117,-0.0010414245,-0.0021759365,0.06608665,0.0023369794,80.0,1,1.0008512,0.0001494,-22.300092697143555,40.57510757446289,0.25850199494470777,16128000,582,27770
253,-48.246037,35.464188,-108.500755,-16.726202,0.0,0.0,0.0,0.0,376.4203,25.0,500.0,-0.15650512,-2.7827256,-0.031329338,0.00074402586,-1.8099041,1.1451995,-0.00074402604,0.003812923,-0.0010795242,-0.0021111208,0.062218543,0.002408662,80.0,1,0.9993299,0.00014879999999999998,-22.234216690063477,40.52947998046875,0.25750401398640477,16192000,584,27788
254,-45.9678,35.26263,-125.98055,-11.148379,0.0,0.0,0.0,0.0,387.32608,26.0,500.0,-0.15214944,-2.789458,0.028954836,0.0012276764,-2.055865,1.2517029,-0.0012276756,0.004774887,-0.0012587531,-0.002719759,0.0583353,0.0025131695,80.0,1,0.9995017,0.0001482,-22.168128967285156,40.48426055908203,0.25650600244239624,16256000,586,27786
255,-49.536415,36.576973,-107.69548,-13.064155,0.0,0.0,0.0,0.0,366.8521,29.0,500.0,-0.15309116,-2.7376177,0.047596045,-0.0015038479,-2.0239263,1.0025952,0.0015038478,0.0042631933,-0.0011149631,-0.0025895736,0.05443692,0.0025260597,80.0,1,0.99861705,0.00014759999999999998,-22.103605270385742,40.43935012817383,0.25550799059138607,16320000,589,27715
256,-47.978336,36.345524,-110.307915,-14.381418,0.0,0.0,0.0,0.0,371.3143,27.0,500.0,-0.14674875,-2.6673434,0.012718251,-0.0020228466,-1.8909875,0.9951689,0.0020228466,0.0036391513,-0.0011142954,-0.0024020588,0.050523404,0.0024827658,80.0,1,0.9993742,0.000147,-22.03873062133789,40.39468002319336,0.2545100085945127,16384000,591,27838
257,-46.904545,37.101078,-110.09841,-13.777791,0.0,0.0,0.0,0.0,372.72992,26.0,500.0,-0.13920015,-2.7236257,-0.0025689988,-0.004069535,-2.0606244,0.8363036,0.004069534,0.004926596,-0.0012334255,-0.003219348,0.04659439,0.002646457,80.0,1,0.99732196,0.00014639999999999998,-21.974159240722656,40.3504524230957,0.25351199583101247,16448000,593,27784
258,-48.25116,35.853714,-109.442444,-13.545871,0.0,0.0,0.0,0.0,374.1511,26.0,500.0,-0.14487976,-2.7111275,0.09859488,-0.0025844274,-2.2172961,1.0328147,0.0025844276,0.0057621067,-0.0013992673,-0.0038629365,0.04264999,0.0027858275,80.0,1,0.9976282,0.0001458,-21.91061782836914,40.30571365356445,0.25251401339547946,16512000,596,27805
259,-48.654404,35.04142,-108.6044,-14.291989,0.0,0.0,0.0,0.0,377.81616,27.0,500.0,-0.14943837,-2.7329562,-0.016656091,-0.0012936073,-1.840033,1.0601313,0.0012936065,0.0038058925,-0.0010914975,-0.0022185883,0.038689848,0.0024215402,80.0,1,0.9986517,0.00014519999999999998,-21.84785270690918,40.260372161865234,0.25151600185266965,16576000,598,27782
260,-47.620373,36.019558,-112.14517,-15.235209,0.0,0.0,0.0,0.0,375.15277,26.0,500.0,-0.14551249,-2.7079256,-0.008214947,-0.002918264,-2.0659492,0.9850747,0.0029182627,0.004630488,-0.0011427542,-0.0028920567,0.034713987,0.00254539,80.0,1,0.9975891,0.0001446,-21.785329818725586,40.215919494628906,0.250517992663982,16640000,600,27801
261,-46.60209,34.96748,-129.16827,-15.033561,0.0,0.0,0.0,0.0,388.20145,29.0,500.0,-0.14661428,-2.6864283,0.1431654,-0.0023556578,-1.7268894,1.210131,0.0023556584,0.0037877136,-0.0011626362,-0.0024522431,0.030722259,0.0025839754,80.0,1,0.99790704,0.00014399999999999998,-21.723134994506836,40.171077728271484,0.2495199874210115,16704000,603,27758
262,-44.83673,34.994137,-109.5929,-13.394835,0.0,0.0,0.0,0.0,387.87143,25.0,500.0,-0.14396396,-2.970281,-0.019079277,0.00030097962,-2.1218123,0.9529155,-0.00030097907,0.0038930443,-0.0010333359,-0.0022404161,0.026714565,0.0023917952,80.0,1,0.99974036,0.0001434,-21.659894943237305,40.12714767456055,0.24852198806503953,16768000,605,27941
263,-51.87825,38.84917,-133.59778,-14.633731,0.0,0.0,0.0,0.0,348.68243,28.0,500.0,-0.160264,-2.6900928,0.020533405,-0.003059646,-1.8227236,1.1586648,0.0030596473,0.0043527205,-0.0012655532,-0.0028779989,0.022690773,0.0028235076,80.0,1,0.9978111,0.00014279999999999997,-21.600767135620117,40.08367156982422,0.2475239968855139,16832000,607,27754
264,-46.806183,36.034313,-121.40211,-14.980857,0.0,0.0,0.0,0.0,381.46762,25.0,500.0,-0.14962745,-2.9538815,-0.013781782,-0.00091989705,-2.1144521,0.92701685,0.0009198969,0.005450214,-0.0013637093,-0.0033191913,0.01865065,0.0028415981,80.0,1,0.9986543,0.0001422,-21.53972625732422,40.03975296020508,0.24652598713031518,16896000,609,27825
265,-40.40603,31.440834,-108.99704,-14.387237,0.0,0.0,0.0,0.0,416.9699,28.0,500.0,-0.13952902,-2.794275,0.06457456,0.0009993821,-1.7046739,1.0917697,-0.0009993819,0.0032748147,-0.0010620859,-0.00211824,0.014594198,0.0022909038,80.0,1,0.9997408,0.00014159999999999997,-21.47650146484375,39.99554443359375,0.24552799140669382,16960000,612,27806
266,-48.531536,36.92603,-110.259766,-11.677741,0.0,0.0,0.0,0.0,367.05634,27.0,500.0,-0.15455733,-3.1673076,-0.011787166,-0.001496229,-1.9356412,1.1309634,0.0014962299,0.004631428,-0.0012991393,-0.002981773,0.010521293,0.0027532447,80.0,1,0.997561,0.00014099999999999998,-21.41684913635254,39.95209884643555,0.2445300130392271,17024000,614,27786
267,-47.67354,35.0049,-108.98654,-15.30563,0.0,0.0,0.0,0.0,379.7676,23.0,500.0,-0.16107677,-2.7921946,-0.027047101,0.0016414034,-1.1758264,1.2481587,-0.0016414041,0.003965652,-0.0011790453,-0.002670587,0.0064315796,0.002402206,80.0,1,1.000531,0.00014039999999999997,-21.35733413696289,39.90814208984375,0.24353199763177175,17088000,616,27799
268,-47.921032,36.56305,-118.055664,-13.354215,0.0,0.0,0.0,0.0,372.24304,26.0,500.0,-0.15436493,-2.745826,0.09683994,-0.0004125007,-2.031367,0.9765628,0.00041250102,0.0034661458,-0.0010170736,-0.002146008,0.0023251772,0.0023223725,80.0,1,0.99926245,0.00013979999999999998,-21.298423767089844,39.86471939086914,0.242534007729363,17152000,619,27828
269,-49.59515,37.319447,-108.20026,-14.060624,0.0,0.0,0.0,0.0,359.61267,23.0,500.0,-0.16161667,-2.9868805,0.038005248,0.0009923142,-1.9305634,1.0250268,-0.000992314,0.0030689777,-0.000965449,-0.002150251,-0.0017982721,0.0021993737,80.0,1,1.0004326,0.00013919999999999997,-21.239974975585938,39.821617126464844,0.24153599009043936,17216000,621,27813
270,-51.516674,38.306194,-137.52512,-13.460242,0.0,0.0,0.0,0.0,353.7619,27.0,500.0,-0.1692414,-2.9519281,0.020899508,-0.0005612922,-1.6535046,0.9800128,0.0005612923,0.0042689526,-0.0012512119,-0.0028693436,-0.0059386487,0.0025555184,80.0,1,0.9999035,0.00013859999999999998,-21.183717727661133,39.77855682373047,0.24053800745947135,17280000,623,27778
271,-50.800026,37.843266,-109.17261,-14.474741,0.0,0.0,0.0,0.0,355.27518,25.0,500.0,-0.15640314,-2.8848603,0.08987806,-0.0031958476,-2.1152644,1.2846584,0.003195848,0.00409625,-0.0011443967,-0.002148074,-0.0100963125,0.0026040017,80.0,1,0.9961761,0.00013799999999999997,-21.12742805480957,39.736026763916016,0.23954000774266757,17344000,626,27822
272,-48.85555,37.413006,-121.72148,-12.312279,0.0,0.0,0.0,0.0,367.66898,24.0,500.0,-0.16282937,-2.7695973,-0.03514978,-0.0004900269,-1.9527909,1.0400097,0.00049002713,0.004144148,-0.001209589,-0.0023621982,-0.0142713785,0.0026079975,80.0,1,0.9993031,0.00013739999999999998,-21.071256637573242,39.69314956665039,0.23854199700416523,17408000,628,27927
273,-53.676296,38.347946,-109.09379,-14.284297,0.0,0.0,0.0,0.0,342.48904,27.0,500.0,-0.16503225,-3.002993,-0.008324104,-0.0018238606,-2.1783247,1.0059677,0.00182386,0.005189985,-0.0013360424,-0.0032065874,-0.01846385,0.0026323823,80.0,1,0.9985565,0.00013679999999999996,-21.016498565673828,39.650325775146484,0.23754400995708172,17472000,630,27810
274,-48.17134,37.40228,-111.64293,-12.90405,0.0,0.0,0.0,0.0,366.3586,24.0,500.0,-0.15189391,-2.7999523,-0.014805581,-0.0013508127,-1.4537511,0.9401289,0.0013508135,0.00379411,-0.0011297266,-0.0025000805,-0.022674086,0.0024056877,80.0,1,0.99910533,0.00013619999999999998,-20.95972442626953,39.608211517333984,0.2365459965729166,17536000,633,27848
275,-46.22123,35.86882,-109.745384,-14.055362,0.0,0.0,0.0,0.0,379.0,24.0,500.0,-0.15123597,-2.941315,0.01120428,0.00021579296,-1.6854115,1.071734,-0.00021579243,0.003922429,-0.0011739301,-0.0024622446,-0.026902083,0.0026106497,80.0,1,0.99880195,0.00013559999999999996,-20.902936935424805,39.56561279296875,0.23554799234132542,17600000,635,27769
276,-40.970055,32.647438,-110.857056,-14.268686,0.0,0.0,0.0,0.0,410.93283,27.0,500.0,-0.13863663,-2.7593536,-0.0057569738,-0.00029756594,-1.8844953,1.0308403,0.00029756577,0.0034058252,-0.00097049656,-0.002134794,-0.031147953,0.0021267761,80.0,1,0.9999323,0.00013499999999999997,-20.844932556152344,39.522605895996094,0.234550004641517,17664000,637,27839
277,-45.21135,35.819508,-139.17159,-14.447541,0.0,0.0,0.0,0.0,387.68115,28.0,500.0,-0.14870298,-2.7301214,0.08846927,-5.3749533e-05,-1.787719,1.3579328,5.3749885e-05,0.0037633153,-0.0011569886,-0.002504332,-0.035411954,0.0024961927,80.0,1,0.99900043,0.0001344,-20.788881301879883,39.48006057739258,0.23355201333519665,17728000,639,27748
278,-47.9131,35.09395,-108.526115,-13.564041,0.0,0.0,0.0,0.0,380.40845,28.0,500.0,-0.15569839,-2.8086956,-0.013792339,-0.00068931887,-2.2217555,1.1353656,0.00068931817,0.006267387,-0.0014984467,-0.0036832625,-0.03969431,0.0030033113,80.0,1,0.999298,0.00013379999999999997,-20.734615325927734,39.43710708618164,0.2325539990820684,17792000,642,27808
279,-48.736927,36.53301,-109.102715,-13.669473,0.0,0.0,0.0,0.0,369.52414,26.0,500.0,-0.1551235,-2.8159723,-0.015575037,-0.0016128914,-1.9895511,1.6315436,0.0016128899,0.005048815,-0.0013575626,-0.0034163203,-0.043995023,0.002638724,80.0,1,0.9980556,0.00013319999999999999,-20.680448532104492,39.394901275634766,0.2315559985451119,17856000,644,27778
280,-44.346348,34.577404,-108.52856,-14.4118395,0.0,0.0,0.0,0.0,390.07407,25.0,500.0,-0.14369489,-2.7708127,-0.04390716,0.0006062721,-1.83974,1.1427108,-0.00060627254,0.0035293493,-0.0009858089,-0.0020431706,-0.04831433,0.0022878624,80.0,1,1.0006901,0.00013259999999999997,-20.62437629699707,39.352684020996094,0.2305579932602347,17920000,646,27791
281,-53.17396,39.001034,-110.47651,-14.372481,0.0,0.0,0.0,0.0,340.9281,28.0,500.0,-0.16381775,-3.016969,0.04888805,-0.004173361,-1.9895996,1.0687565,0.0041733608,0.005982845,-0.0015074377,-0.004013858,-0.05265235,0.0029357236,80.0,1,0.99890035,0.00013199999999999998,-20.5732421875,39.3115348815918,0.22955999292098736,17984000,649,27811
282,-46.767677,35.833065,-109.20013,-13.380563,0.0,0.0,0.0,0.0,378.50366,26.0,500.0,-0.1458895,-2.9296982,0.08319585,-0.00071334897,-2.0282698,1.0473831,0.0007133489,0.003958758,-0.0010586681,-0.0024276925,-0.05700922,0.0022865995,80.0,1,0.9990439,0.00013139999999999997,-20.51896095275879,39.269622802734375,0.22856200753491118,18048000,651,27907
283,-47.803696,35.83765,-109.48762,-14.625017,0.0,0.0,0.0,0.0,375.6383,30.0,500.0,-0.15384759,-2.9454482,0.18944733,-0.0005544717,-1.9525282,0.87721294,0.0005544714,0.0040421756,-0.001197454,-0.0026728613,-0.061385278,0.00263839,80.0,1,0.99794745,0.0001308,-20.46578025817871,39.22776412963867,0.22756399316593176,18112000,653,27830
284,-40.709465,33.05095,-109.35609,-13.861779,0.0,0.0,0.0,0.0,407.64444,22.0,500.0,-0.13669461,-2.8691745,0.026046267,0.00069928466,-1.8506031,1.1799378,-0.0006992837,0.0031943584,-0.00093209156,-0.0018884996,-0.06578052,0.0021227412,80.0,1,1.000203,0.0001302,-20.410383224487305,39.18595886230469,0.22656598816576956,18176000,656,27768
285,-49.616104,38.90162,-138.57417,-12.649833,0.0,0.0,0.0,0.0,360.47552,25.0,500.0,-0.15378718,-2.9874089,-0.013365638,-0.0041601923,-1.9967496,1.0310274,0.0041601933,0.005058781,-0.0013874832,-0.0034326322,-0.07019508,0.002961988,80.0,1,0.99799526,0.0001296,-20.359357833862305,39.14495849609375,0.2255680038279756,18240000,658,27806
286,-50.52043,37.694363,-108.51808,-13.92031,0.0,0.0,0.0,0.0,354.53845,26.0,500.0,-0.15681082,-2.7712386,-0.016822439,-0.0013283173,-1.4086341,1.0099347,0.0013283168,0.0036966484,-0.0011623286,-0.002429171,-0.0746293,0.002462578,80.0,1,0.99967647,0.000129,-20.308025360107422,39.103939056396484,0.22456999820972315,18304000,660,27791
287,-47.86743,37.56867,-125.49931,-15.823473,0.0,0.0,0.0,0.0,368.87857,25.0,500.0,-0.14726399,-2.784054,-0.016142676,-0.0021798136,-2.0434394,0.8858933,0.002179814,0.0038018548,-0.0010954938,-0.0025315683,-0.0790832,0.00249566,80.0,1,0.9974934,0.0001284,-20.256099700927734,39.06316375732422,0.2235720105785364,18368000,663,27803
288,-46.289867,35.587738,-108.40735,-14.246679,0.0,0.0,0.0,0.0,380.76224,23.0,500.0,-0.14638418,-2.8846214,-0.0045071677,-0.0014599849,-1.8027012,1.3626434,0.0014599848,0.0046753217,-0.0012575737,-0.0030954622,-0.08355713,0.0025286095,80.0,1,0.9998665,0.0001278,-20.20425033569336,39.02207565307617,0.22257400042808154,18432000,665,27756
289,-48.388493,37.40155,-108.04904,-13.430007,0.0,0.0,0.0,0.0,365.24088,27.0,500.0,-0.15200663,-2.9192395,0.117369175,-0.0008841856,-1.8113613,1.1863035,0.00088418426,0.003987347,-0.0011543399,-0.0025169502,-0.08805108,0.0026115875,80.0,1,0.9971367,0.0001272,-20.153108596801758,38.981300354003906,0.22157600774388087,18496000,667,27785
290,-47.306225,36.616287,-111.16475,-14.881419,0.0,0.0,0.0,0.0,373.27536,27.0,500.0,-0.15030643,-2.9952998,0.008048698,-0.000983608,-2.1218443,1.3153197,0.0009836076,0.005419081,-0.0013218293,-0.0033395963,-0.092565425,0.0026376627,80.0,1,0.99845505,0.00012660000000000001,-20.10207176208496,38.94056701660156,0.2205779934466675,18560000,669,27781
291,-47.10684,36.376545,-110.61645,-12.915937,0.0,0.0,0.0,0.0,375.1111,28.0,500.0,-0.1560776,-2.9611063,0.004768998,0.0013035415,-2.2174351,1.1867226,-0.0013035409,0.0057638213,-0.0014192521,-0.0035588364,-0.097100146,0.0025513512,80.0,1,1.000031,0.000126,-20.051481246948242,38.899967193603516,0.21957999823036295,18624000,672,27816
292,-46.864693,36.23016,-107.82183,-11.917734,0.0,0.0,0.0,0.0,374.90512,25.0,500.0,-0.14813116,-2.903756,0.012512664,-0.00024004209,-1.9300082,1.0389618,0.00024004263,0.003225537,-0.0010376775,-0.0019275344,-0.10165549,0.0023106076,80.0,1,0.9988674,0.0001254,-20.00054931640625,38.859413146972656,0.2185820104900018,18688000,674,27829
293,-51.43592,38.798347,-139.88002,-12.914691,0.0,0.0,0.0,0.0,349.27142,25.0,500.0,-0.16088057,-3.00327,-0.0039354563,-0.0008205463,-1.9451213,1.4433414,0.0008205471,0.00376801,-0.0010956064,-0.0023496756,-0.10623181,0.0024633792,80.0,1,0.9997293,0.0001248,-19.951894760131836,38.819332122802734,0.2175839934469409,18752000,676,27823
294,-43.49959,34.72421,-107.55203,-14.2944565,0.0,0.0,0.0,0.0,392.13535,25.0,500.0,-0.14518803,-2.79503,-0.030450908,0.00037656882,-2.1737266,0.9575509,-0.0003765694,0.0032978319,-0.0009474376,-0.002255525,-0.11082911,0.0022584598,80.0,1,0.99968684,0.0001242,-19.900707244873047,38.778724670410156,0.2165859890173902,18816000,679,27793
295,-46.57027,35.25362,-109.90995,-12.324025,0.0,0.0,0.0,0.0,381.02142,24.0,500.0,-0.15229668,-2.6947384,-0.018676624,0.0003400672,-2.0488005,1.3804842,-0.00034006662,0.0044323197,-0.0012250252,-0.0027826289,-0.11544764,0.0024600169,80.0,1,0.99987185,0.0001236,-19.851337432861328,38.73794174194336,0.21558798752475908,18880000,681,27758
296,-44.21739,35.22346,-109.59864,-14.865366,0.0,0.0,0.0,0.0,389.16058,27.0,500.0,-0.1437204,-2.8352165,0.022126738,-0.00080171856,-2.147381,1.0058782,0.00080172013,0.0049540685,-0.0013187416,-0.0031710255,-0.12008751,0.0026615893,80.0,1,0.9986615,0.000123,-19.80133056640625,38.69775390625,0.21459000563005573,18944000,683,27785
297,-50.125217,38.1564,-141.91753,-13.183232,0.0,0.0,0.0,0.0,364.15714,26.0,500.0,-0.15882932,-3.0402606,-0.021776836,-0.0028071513,-2.3023272,0.9671805,0.0028071515,0.007003473,-0.0016240996,-0.0041468935,-0.12474907,0.0030337162,80.0,1,0.99770594,0.0001224,-19.754676818847656,38.65769577026367,0.21359200934785721,19008000,686,27814
298,-43.308052,33.912743,-109.33021,-14.213306,0.0,0.0,0.0,0.0,399.59854,29.0,500.0,-0.14270101,-2.7690337,-0.010717805,-0.00094138324,-2.2412038,1.2493144,0.00094138435,0.004519374,-0.0012210365,-0.0028518029,-0.12943256,0.0025036517,80.0,1,0.9987935,0.00012179999999999999,-19.705245971679688,38.6174201965332,0.21259399126277922,19072000,688,27805
299,-48.82166,37.27327,-108.690346,-13.414701,0.0,0.0,0.0,0.0,364.6993,26.0,500.0,-0.15437819,-3.1846788,-0.013299516,-0.0010969972,-1.8061502,1.061948,0.0010969967,0.0035653696,-0.0010051695,-0.0022756618,-0.13413799,0.002333674,80.0,1,0.9997747,0.00012119999999999999,-19.65758514404297,38.57807159423828,0.21159599515600466,19136000,690,27782
300,-44.327618,35.338867,-108.02818,-13.969717,0.0,0.0,0.0,0.0,387.88235,26.0,500.0,-0.14422506,-2.8757834,-0.040137023,-0.00090049265,-1.4501213,1.361475,0.0009004931,0.0034504018,-0.001043722,-0.0024363722,-0.13886571,0.0022983043,80.0,1,0.99931824,0.00012059999999999999,-19.608661651611328,38.538307189941406,0.21059798928650383,19200000,693,27827
301,-48.50741,36.984398,-111.22854,-14.656629,0.0,0.0,0.0,0.0,367.69177,25.0,500.0,-0.1551731,-3.0689995,0.0073626167,-0.0022410136,-1.9860456,1.0962342,0.0022410122,0.004891752,-0.0012901307,-0.0030259367,-0.14361584,0.0025105178,80.0,1,0.99843895,0.00011999999999999999,-19.562074661254883,38.4989128112793,0.20959999310399555,19264000,695,27782
302,-42.32628,34.055393,-138.72554,-13.723547,0.0,0.0,0.0,0.0,402.83823,26.0,500.0,-0.14716277,-2.7792807,0.01373172,0.002069012,-2.2582338,1.3337094,-0.0020690123,0.0046527795,-0.0011809745,-0.0030304454,-0.14838862,0.0024183874,80.0,1,0.99893874,0.0001194,-19.51382827758789,38.458797454833984,0.20860200145436034,19328000,697,27813
303,-47.940086,37.28275,-109.34477,-14.1403055,0.0,0.0,0.0,0.0,367.17267,26.0,500.0,-0.15254976,-3.1639984,0.02362057,-0.0017449954,-2.043188,1.4196533,0.001744997,0.003754967,-0.0010833695,-0.0024530771,-0.15318431,0.0024309051,80.0,1,0.9979861,0.0001188,-19.467100143432617,38.41967010498047,0.20760400991977015,19392000,699,27796
304,-46.888195,37.027046,-109.39022,-13.211368,0.0,0.0,0.0,0.0,371.4,25.0,500.0,-0.14690354,-2.9067948,0.02305651,-0.0016784818,-2.224692,1.0251129,0.0016784798,0.005497466,-0.0011686435,-0.0031923782,-0.15800324,0.0024592401,80.0,1,0.9996621,0.0001182,-19.42022705078125,38.38075637817383,0.2066059901862253,19456000,702,27784
305,-44.465733,36.00314,-133.36978,-12.659436,0.0,0.0,0.0,0.0,387.38806,25.0,500.0,-0.14615259,-2.833582,0.0066024354,-0.00011281127,-1.8746884,1.2243513,0.00011281087,0.0046466514,-0.0011891167,-0.002874446,-0.16284536,0.002440465,80.0,1,0.99835634,0.0001176,-19.37307357788086,38.34148025512695,0.2056079886767776,19520000,704,27677
306,-46.560394,36.827164,-108.99005,-13.272083,0.0,0.0,0.0,0.0,373.6043,25.0,500.0,-0.14608109,-3.1469429,-0.0069249226,-0.0016382324,-2.3557825,1.1370513,0.0016382337,0.0045302194,-0.00123011,-0.0029882519,-0.16771102,0.0026076776,80.0,1,0.9985208,0.000117,-19.326631546020508,38.30266189575195,0.20461000280667271,19584000,706,27797
307,-44.166576,34.744965,-108.889084,-11.81993,0.0,0.0,0.0,0.0,391.8603,26.0,500.0,-0.14363642,-2.952813,-0.042208977,-0.0013621855,-2.2358391,1.1052827,0.0013621863,0.003969909,-0.0011064536,-0.002583916,-0.1726005,0.0022458374,80.0,1,0.99839795,0.0001164,-19.280195236206055,38.26345443725586,0.20361200644221064,19648000,709,27815
308,-42.202625,33.800625,-108.39908,-13.726384,0.0,0.0,0.0,0.0,400.84445,27.0,500.0,-0.14860009,-3.187561,-0.04154377,0.001207185,-2.1075213,1.0381091,-0.0012071854,0.00417374,-0.0011260209,-0.0028856047,-0.17751405,0.0023721838,80.0,1,0.9998131,0.0001158,-19.23328399658203,38.224220275878906,0.20261399879918293,19712000,711,27842
309,-44.15856,35.025524,-110.16153,-13.38289,0.0,0.0,0.0,0.0,389.5634,28.0,500.0,-0.15724906,-2.9600022,-0.016135268,0.0019695216,-2.277626,1.1503336,-0.0019695205,0.0055103935,-0.0013721031,-0.0037958734,-0.18245181,0.0027265847,80.0,1,0.9996152,0.0001152,-19.187597274780273,38.18529510498047,0.2016160038445976,19776000,713,27802
310,-44.420097,35.031822,-108.705536,-13.191918,0.0,0.0,0.0,0.0,390.26617,25.0,500.0,-0.15006837,-2.8482454,-0.03756541,-0.00013912258,-2.2282257,1.0912794,0.00013912229,0.0038786763,-0.0010466527,-0.002548873,-0.18741417,0.0023356047,80.0,1,0.9993484,0.0001146,-19.142011642456055,38.14635467529297,0.20061799795174515,19840000,716,27802
311,-42.684853,34.179623,-144.76361,-12.805179,0.0,0.0,0.0,0.0,402.85294,24.0,500.0,-0.14835562,-2.9391592,-0.02118896,0.00023476074,-2.3059185,1.2049785,-0.0002347606,0.004327868,-0.0011662508,-0.0028556676,-0.19240116,0.002554005,80.0,1,0.9996606,0.00011399999999999999,-19.0965576171875,38.10710906982422,0.19962000627258156,19904000,718,27780
312,-50.039318,38.235622,-111.140274,-13.568772,0.0,0.0,0.0,0.0,355.82,25.0,500.0,-0.1561115,-2.923461,-0.04339476,-0.0065667373,-2.3695364,1.2039953,0.0065667387,0.007113843,-0.0016478358,-0.0049782973,-0.1974132,0.0031743017,80.0,1,0.9972445,0.00011339999999999999,-19.053991317749023,38.069190979003906,0.19862200683403772,19968000,720,27871
313,-43.69577,34.808735,-119.253426,-11.660627,0.0,0.0,0.0,0.0,395.56616,27.0,500.0,-0.14912872,-2.9057245,-0.033799898,-0.0016760261,-1.7806695,1.1978405,0.0016760279,0.0039973427,-0.0012016438,-0.0027609877,-0.20245053,0.0025663911,80.0,1,0.99789584,0.00011279999999999999,-19.009328842163086,38.03053283691406,0.19762400239987424,20032000,723,27796
314,-46.747177,36.995033,-125.30703,-13.9359045,0.0,0.0,0.0,0.0,374.03705,28.0,500.0,-0.15750748,-2.819882,0.015815182,0.00039250898,-1.9208194,1.0903519,-0.00039251085,0.0041703517,-0.0011810262,-0.0029195445,-0.20751332,0.0023884857,80.0,1,1.0003797,0.00011219999999999999,-18.96539306640625,37.99246597290039,0.19662599643240242,20096000,725,27804
315,-48.991383,37.4375,-110.767685,-14.446459,0.0,0.0,0.0,0.0,362.89362,25.0,500.0,-0.16051164,-3.0265825,-0.017161224,-0.0012453673,-2.02524,1.3155693,0.0012453673,0.0049298666,-0.0013186667,-0.0033115651,-0.21260192,0.0026132101,80.0,1,0.9993447,0.00011159999999999999,-18.922626495361328,37.954750061035156,0.195627993088628,20160000,727,27721
316,-46.26979,36.246754,-127.524734,-13.617214,0.0,0.0,0.0,0.0,382.72058,27.0,500.0,-0.15944852,-2.9276059,-0.0292131,0.00040080244,-1.8213689,1.2477142,-0.00040080183,0.0048479172,-0.0012642846,-0.0032150592,-0.21771644,0.0024814242,80.0,1,0.999767,0.00011099999999999999,-18.879711151123047,37.91657257080078,0.1946299972163167,20224000,730,27784
317,-50.162853,37.76473,-111.34196,-12.500899,0.0,0.0,0.0,0.0,358.3767,26.0,500.0,-0.16491073,-2.9695268,-0.01635399,-0.0015305609,-1.8226354,1.4200939,0.0015305612,0.004785266,-0.0012796798,-0.0029467868,-0.22285743,0.0026190337,80.0,1,0.9990126,0.00011039999999999999,-18.838306427001953,37.87910461425781,0.193631991267247,20288000,732,27771
318,-44.472454,34.721558,-108.2804,-13.649616,0.0,0.0,0.0,0.0,391.25,26.0,500.0,-0.15216576,-2.98017,0.04139485,0.00029475737,-1.4940764,1.2203742,-0.00029475812,0.0038057147,-0.0011191115,-0.0022956491,-0.22802469,0.0023357524,80.0,1,0.99915767,0.00010979999999999999,-18.795284271240234,37.84083938598633,0.19263400477925147,20352000,734,27765
319,-43.113525,35.044304,-122.290634,-13.474743,0.0,0.0,0.0,0.0,394.93332,27.0,500.0,-0.14454474,-2.9933062,0.0154924765,-0.0011827227,-1.8026793,1.1668463,0.0011827223,0.0036693874,-0.0010605657,-0.0024900965,-0.23321912,0.0025031988,80.0,1,0.9994204,0.00010919999999999998,-18.75191307067871,37.80302047729492,0.19163599895837022,20416000,736,27778
320,-46.425907,36.567078,-110.28616,-12.24239,0.0,0.0,0.0,0.0,377.58517,26.0,500.0,-0.15722136,-2.9465868,-0.0030833613,-0.00032878184,-1.5749291,0.9665215,0.0003287806,0.003992347,-0.0011895931,-0.0025793267,-0.23844045,0.0024114503,80.0,1,0.9993499,0.00010859999999999998,-18.709787368774414,37.76545333862305,0.190638004814066,20480000,739,27789
321,-42.909523,34.55538,-108.17489,-13.75476,0.0,0.0,0.0,0.0,395.32846,21.0,500.0,-0.14281833,-3.0201855,-0.011492631,-0.0006595144,-2.2316608,1.277031,0.00065951515,0.0036786306,-0.0010438103,-0.0024014905,-0.2436891,0.0022427728,80.0,1,0.99928117,0.00010799999999999998,-18.666593551635742,37.727752685546875,0.18964000833605357,20544000,741,27725
322,-39.43586,32.364407,-107.99699,-13.794997,0.0,0.0,0.0,0.0,415.92368,23.0,500.0,-0.13918155,-2.8347871,0.06842885,-0.00086792,-1.9634774,1.4201025,0.00086791936,0.004365719,-0.0011877799,-0.0027493061,-0.24896573,0.0024692386,80.0,1,0.99912935,0.00010739999999999998,-18.623085021972656,37.68973922729492,0.18864199665531464,20608000,743,27851
323,-47.804256,37.666073,-109.10345,-13.845599,0.0,0.0,0.0,0.0,364.8857,27.0,500.0,-0.15739249,-2.9877462,-0.025773069,-0.0007944135,-2.103991,1.3025944,0.00079441303,0.0046307985,-0.0011691245,-0.0031315116,-0.25427014,0.002528519,80.0,1,0.99929607,0.00010679999999999998,-18.58186149597168,37.6529541015625,0.18764400277736942,20672000,746,27801
324,-43.566055,34.63727,-108.64074,-14.199048,0.0,0.0,0.0,0.0,393.5,25.0,500.0,-0.14750656,-2.849787,0.0073094666,-0.0012087371,-2.1143403,1.0301908,0.0012087369,0.0044644456,-0.0011400729,-0.0029218467,-0.25960302,0.00248835,80.0,1,0.998371,0.00010619999999999998,-18.5399169921875,37.61545944213867,0.1866459931382393,20736000,748,27819
325,-42.525753,34.026665,-109.85543,-13.41067,0.0,0.0,0.0,0.0,399.77444,25.0,500.0,-0.14478573,-2.7931588,-0.035740938,-0.0006762376,-2.400599,1.4125475,0.00067623716,0.005658646,-0.0013067815,-0.0034605148,-0.26496434,0.0025483062,80.0,1,0.9979974,0.00010559999999999998,-18.49790382385254,37.57796859741211,0.18564800217006588,20800000,750,27779
326,-45.336502,36.27747,-108.30448,-12.713173,0.0,0.0,0.0,0.0,378.16788,25.0,500.0,-0.1499735,-3.0553136,0.023203919,-3.5506127e-05,-2.2449183,1.0768079,3.55058e-05,0.0035141932,-0.0010809578,-0.0023124686,-0.27035472,0.002265483,80.0,1,0.9983758,0.00010499999999999999,-18.456602096557617,37.54104232788086,0.18464999843973373,20864000,753,27776
327,-46.459534,36.914547,-109.61552,-12.89083,0.0,0.0,0.0,0.0,373.0,25.0,500.0,-0.14849192,-2.8183722,-0.011684122,-0.0024099215,-2.1062782,0.9846225,0.00240992,0.004443993,-0.0011674406,-0.002901065,-0.27577406,0.002497925,80.0,1,0.99971426,0.00010439999999999999,-18.415922164916992,37.504573822021484,0.18365199589360637,20928000,755,27781
328,-44.486984,35.215805,-110.370316,-14.751631,0.0,0.0,0.0,0.0,388.78723,23.0,500.0,-0.15139426,-3.112371,-0.019747835,-0.00072119466,-2.224648,1.112457,0.00072119397,0.00420043,-0.0011469906,-0.0024241842,-0.28122306,0.0025955979,80.0,1,0.9988818,0.00010379999999999999,-18.375532150268555,37.46752166748047,0.18265400911465565,20992000,757,27786
329,-41.22796,33.122105,-108.14274,-12.392267,0.0,0.0,0.0,0.0,405.75912,25.0,500.0,-0.13932805,-2.956376,-0.022356682,-0.0010686469,-2.3866534,1.2611533,0.001068647,0.0042585596,-0.001145206,-0.0029448397,-0.28670192,0.0024684104,80.0,1,0.9990753,0.00010319999999999999,-18.33405876159668,37.43051528930664,0.18165601000712958,21056000,760,27758
330,-50.642117,38.50449,-147.81076,-12.22588,0.0,0.0,0.0,0.0,360.79453,23.0,500.0,-0.15942064,-2.8634408,-0.030449703,-0.0041163787,-2.384247,1.4086896,0.0041163806,0.0070790625,-0.0015829448,-0.004626735,-0.29221106,0.002874473,80.0,1,0.9978267,0.00010259999999999999,-18.29657745361328,37.39433288574219,0.18065799358931753,21120000,762,27746
331,-45.138557,35.535095,-109.54942,-15.687938,0.0,0.0,0.0,0.0,385.41605,24.0,500.0,-0.14466877,-2.9319134,-0.006480735,-0.0015537358,-1.7998452,1.1750089,0.0015537369,0.004067472,-0.0011508235,-0.002776729,-0.29775053,0.0023145676,80.0,1,0.99953747,0.00010199999999999999,-18.25673484802246,37.35764694213867,0.17965999881044067,21184000,764,27751
332,-51.260525,39.339176,-132.89964,-12.154859,0.0,0.0,0.0,0.0,346.7986,27.0,500.0,-0.1571083,-2.9917185,-0.02131817,-0.0036029816,-2.0784502,1.1842126,0.0036029806,0.004655649,-0.0012118851,-0.0032032775,-0.3033209,0.0025780601,80.0,1,0.9969502,0.00010139999999999998,-18.218944549560547,37.32209777832031,0.1786620008645762,21248000,766,27888
333,-48.76084,37.787548,-140.19649,-12.224114,0.0,0.0,0.0,0.0,367.0,26.0,500.0,-0.15303567,-3.0332618,-0.006639758,-0.0021373257,-1.8463475,1.0405232,0.0021373264,0.0049124546,-0.0013005793,-0.003002805,-0.30892274,0.0027701678,80.0,1,0.9984406,0.00010079999999999998,-18.18074607849121,37.286094665527344,0.17766399768637783,21312000,769,27749
334,-45.200325,36.116467,-108.70368,-12.575063,0.0,0.0,0.0,0.0,381.14285,26.0,500.0,-0.1444075,-2.9880257,-0.018233493,-0.0012372846,-1.6491468,0.9798797,0.0012372842,0.0033101467,-0.001008336,-0.0022042517,-0.3145557,0.0022991365,80.0,1,0.99878836,0.00010019999999999998,-18.141496658325195,37.25005340576172,0.1766660093504557,21376000,771,27780
335,-48.33441,37.726776,-133.11292,-13.917169,0.0,0.0,0.0,0.0,368.51797,28.0,500.0,-0.14847627,-2.9613216,0.004845636,-0.0047469167,-1.9478674,1.0213981,0.0047469176,0.0047962936,-0.0011997167,-0.0031775166,-0.32022095,0.002738118,80.0,1,0.997945,9.959999999999998e-05,-18.10369110107422,37.21428298950195,0.17566799370559458,21440000,773,27784
336,-41.333126,33.04968,-110.153885,-13.056788,0.0,0.0,0.0,0.0,407.4,25.0,500.0,-0.14035745,-3.1139126,0.05058427,0.0009892775,-1.8251808,1.4995705,-0.0009892784,0.004074926,-0.0010868607,-0.0029820644,-0.32591826,0.002281721,80.0,1,0.99912107,9.899999999999998e-05,-18.06383514404297,37.177738189697266,0.17466999390929466,21504000,776,27742
337,-43.754375,35.890163,-109.76578,-13.044358,0.0,0.0,0.0,0.0,387.45325,27.0,500.0,-0.13880244,-3.0142128,0.0072287843,-0.003958154,-2.278999,1.0559964,0.0039581535,0.0059380583,-0.0013635642,-0.0041031074,-0.33164835,0.0028926262,80.0,1,0.99762154,9.839999999999998e-05,-18.02505111694336,37.142051696777344,0.1736719911189741,21568000,778,27776
338,-41.320972,33.02946,-109.749374,-12.985754,0.0,0.0,0.0,0.0,408.23703,26.0,500.0,-0.14365445,-3.213399,0.016240131,-0.0004879409,-1.9497747,1.3077937,0.00048794202,0.0055453824,-0.0013448647,-0.0039846324,-0.33741137,0.002723441,80.0,1,0.9988768,9.779999999999998e-05,-17.986068725585938,37.10573196411133,0.17267400919194664,21632000,780,27768
339,-47.121727,36.698544,-108.74186,-14.504669,0.0,0.0,0.0,0.0,373.34506,26.0,500.0,-0.14625053,-3.0610552,-0.022237254,-0.0043459176,-2.2698658,1.1057625,0.004345919,0.0052215056,-0.0012759044,-0.0038108523,-0.3432078,0.002548519,80.0,1,0.9973742,9.719999999999998e-05,-17.94867706298828,37.07030487060547,0.17167599069701342,21696000,783,27768
340,-41.402145,34.448475,-127.90678,-12.9554205,0.0,0.0,0.0,0.0,402.78677,24.0,500.0,-0.14319049,-3.1510534,-0.010839462,-0.00096956594,-1.6179895,1.008265,0.0009695636,0.0029539098,-0.0010125537,-0.0019311057,-0.3490381,0.0023468384,80.0,1,0.99835753,9.659999999999998e-05,-17.910158157348633,37.03450012207031,0.1706780027513051,21760000,785,27782
341,-39.82085,33.86556,-143.42416,-12.199407,0.0,0.0,0.0,0.0,411.46616,24.0,500.0,-0.13789502,-3.010348,0.06843553,-0.0003958608,-2.232902,1.152796,0.00039586113,0.0034804102,-0.0009801324,-0.0024095092,-0.35490248,0.0023187497,80.0,1,1.0001111,9.599999999999998e-05,-17.87124252319336,36.998722076416016,0.16967999071520917,21824000,787,27784
342,-45.8702,36.03236,-109.291,-14.069145,0.0,0.0,0.0,0.0,382.50366,25.0,500.0,-0.1554282,-3.0001311,0.0024260283,-0.0008039403,-2.4087853,1.232879,0.00080393883,0.005870834,-0.001417465,-0.0038904597,-0.3608015,0.0027378262,80.0,1,0.99914324,9.539999999999997e-05,-17.834121704101562,36.9633674621582,0.1686820029476493,21888000,790,27875
343,-40.33839,32.17328,-107.50238,-12.193045,0.0,0.0,0.0,0.0,413.1504,26.0,500.0,-0.14505011,-2.9430456,-0.036557782,0.0014003782,-1.8965989,1.4749652,-0.0014003783,0.0037842542,-0.0010536864,-0.002424625,-0.3667355,0.0023076702,80.0,1,0.9991179,9.479999999999997e-05,-17.79555892944336,36.92747116088867,0.1676840079193187,21952000,792,27783
344,-44.35183,34.590775,-112.13636,-13.870833,0.0,0.0,0.0,0.0,394.42447,25.0,500.0,-0.15151884,-3.1118045,-0.04823172,-0.0020604385,-1.8981969,1.3298612,0.0020604373,0.0045861574,-0.0012497054,-0.0028663254,-0.372705,0.0026159007,80.0,1,0.998222,9.419999999999997e-05,-17.758771896362305,36.89199447631836,0.16668599593744066,22016000,794,27781
345,-42.145294,33.946438,-107.371124,-14.6533375,0.0,0.0,0.0,0.0,399.93283,29.0,500.0,-0.14978139,-3.1695373,-0.040285442,0.0013753355,-2.10264,1.3775346,-0.0013753336,0.004025166,-0.001148542,-0.0026372066,-0.37871024,0.0024483383,80.0,1,0.99985087,9.360000000000001e-05,-17.72112274169922,36.85654830932617,0.16568799829503952,22080000,797,27766
346,-51.233406,38.888702,-108.51278,-13.223001,0.0,0.0,0.0,0.0,347.26205,25.0,500.0,-0.16268146,-3.1552255,-0.02160823,-0.0037637185,-2.3099356,1.0499278,0.003763719,0.006383348,-0.0013753603,-0.004395577,-0.38475177,0.002795829,80.0,1,0.99809194,9.300000000000001e-05,-17.68636703491211,36.82245635986328,0.16469000754331473,22144000,799,27758
347,-44.51841,36.56321,-109.517296,-12.056929,0.0,0.0,0.0,0.0,381.69287,25.0,500.0,-0.14907601,-3.0197003,-0.024838489,-0.0012442851,-1.9950173,1.2471095,0.0012442856,0.0043579815,-0.0011660429,-0.002950875,-0.39083007,0.0026202302,80.0,1,0.99780047,9.240000000000001e-05,-17.649702072143555,36.788116455078125,0.16369199818716693,22208000,801,27794
348,-48.86193,37.42276,-108.81675,-14.022377,0.0,0.0,0.0,0.0,363.18622,24.0,500.0,-0.16363691,-3.0852396,-0.032215375,-0.00070239475,-1.9677639,1.3085772,0.0007023956,0.004596936,-0.0012246561,-0.0029854146,-0.39694554,0.0026068836,80.0,1,0.9981983,9.180000000000001e-05,-17.614696502685547,36.753868103027344,0.16269400485061988,22272000,803,27796
349,-42.411182,33.8807,-108.92782,-14.118056,0.0,0.0,0.0,0.0,399.84784,27.0,500.0,-0.15138516,-3.070227,-0.032141555,0.0014061476,-2.0195494,1.3285066,-0.0014061483,0.0038003733,-0.0010437296,-0.0022910738,-0.40309864,0.0022834116,80.0,1,0.9994227,9.120000000000001e-05,-17.578125,36.71891784667969,0.16169600483008892,22336000,806,27789
350,-40.626266,33.534912,-107.62263,-13.984451,0.0,0.0,0.0,0.0,404.66177,28.0,500.0,-0.14119305,-3.0728374,-0.031092498,0.00020313404,-1.5639441,1.0126117,-0.00020313355,0.0028597293,-0.0009429682,-0.0019369052,-0.40928984,0.0022123605,80.0,1,0.99984944,9.06e-05,-17.540931701660156,36.68415451049805,0.16069799649734642,22400000,808,27765
351,-47.106895,37.44747,-133.68874,-13.986058,0.0,0.0,0.0,0.0,371.84616,25.0,500.0,-0.15334602,-2.998733,-0.04617685,-0.0033624577,-2.2106864,0.9631036,0.0033624577,0.0045193024,-0.0012295633,-0.0030642506,-0.41551974,0.0027494947,80.0,1,0.99808514,9e-05,-17.506187438964844,36.65016174316406,0.1596999986960824,22464000,810,27770
352,-52.2109,39.635742,-145.2244,-14.99076,0.0,0.0,0.0,0.0,350.6207,25.0,500.0,-0.17249715,-3.1996176,-0.0141231045,-0.0018706725,-2.1069942,1.4063091,0.0018706722,0.0070137386,-0.0015689486,-0.004286494,-0.42178863,0.00278972,80.0,1,0.99890906,8.94e-05,-17.47364616394043,36.61647415161133,0.15870199338199295,22528000,813,27808
353,-45.469746,36.669117,-111.77426,-11.640377,0.0,0.0,0.0,0.0,378.42142,27.0,500.0,-0.151203,-3.2482824,-0.01817754,-0.0012032399,-1.9556592,1.0857595,0.0012032388,0.0053841085,-0.0014272494,-0.0035967147,-0.42809674,0.0026547634,80.0,1,0.99937165,8.88e-05,-17.438613891601562,36.582584381103516,0.15770400200259496,22592000,815,27825
354,-44.621727,37.14125,-111.02616,-13.2806015,0.0,0.0,0.0,0.0,378.2647,27.0,500.0,-0.1482934,-3.0784993,0.017493624,-0.0018731431,-1.9959272,1.068157,0.0018731428,0.0047162725,-0.0012284177,-0.0033391477,-0.43444535,0.0024693385,80.0,1,0.99847627,8.82e-05,-17.403453826904297,36.548866271972656,0.15670599089421547,22656000,817,27774
355,-47.180965,37.824856,-111.13342,-13.164979,0.0,0.0,0.0,0.0,368.11642,27.0,500.0,-0.15860723,-3.0531325,-0.035105847,-0.0026950878,-1.7413716,1.1396335,0.0026950883,0.0052723335,-0.0014118783,-0.003576574,-0.44083425,0.0028193113,80.0,1,0.9986695,8.76e-05,-17.369781494140625,36.51546859741211,0.1557080029899479,22720000,820,27767
356,-42.630074,34.34207,-108.78554,-12.9414,0.0,0.0,0.0,0.0,397.8857,26.0,500.0,-0.15671957,-3.1882048,-0.018296983,0.0016411606,-1.7322992,1.480317,-0.0016411607,0.0044597136,-0.0011937843,-0.0030082269,-0.4472642,0.002424791,80.0,1,0.9999672,8.7e-05,-17.334789276123047,36.4812126159668,0.15471000788755682,22784000,822,27751
357,-45.968193,36.61793,-127.55234,-13.458027,0.0,0.0,0.0,0.0,377.8561,28.0,500.0,-0.16114749,-3.0681388,-0.027874332,0.0013080892,-1.7247062,1.0879289,-0.0013080905,0.0043456107,-0.0012569554,-0.0027375552,-0.45373628,0.0024802117,80.0,1,0.9993418,8.64e-05,-17.300607681274414,36.447601318359375,0.15371199583840467,22848000,824,27779
358,-48.215332,37.777756,-108.15903,-12.356267,0.0,0.0,0.0,0.0,363.79138,25.0,500.0,-0.16273019,-3.271694,0.0042139627,-0.0005303161,-1.8948231,0.8968973,0.00053031486,0.004094371,-0.0011327255,-0.0025365166,-0.46024993,0.002225865,80.0,1,0.9995962,8.58e-05,-17.267240524291992,36.414188385009766,0.1527139953472899,22912000,827,27795
359,-45.618156,37.043205,-108.58591,-13.80123,0.0,0.0,0.0,0.0,376.03546,27.0,500.0,-0.15691003,-3.0895228,-0.041670352,-0.0015624645,-2.3561363,1.0872406,0.0015624666,0.0058985646,-0.0013779497,-0.004089749,-0.46680638,0.002720283,80.0,1,0.9994613,8.52e-05,-17.233327865600586,36.381046295166016,0.15171599962840449,22976000,829,27767
360,-41.100384,34.653587,-126.29491,-12.285082,0.0,0.0,0.0,0.0,401.37778,28.0,500.0,-0.1476572,-3.0656672,-0.025580518,0.00044602036,-2.1196017,1.5064563,-0.00044602266,0.0046214834,-0.0011712661,-0.0032668256,-0.47340629,0.0024005375,80.0,1,1.0000188,8.46e-05,-17.19847869873047,36.34727478027344,0.15071800371823313,23040000,831,27798
361,-43.414135,35.412605,-134.33583,-13.21532,0.0,0.0,0.0,0.0,395.71756,26.0,500.0,-0.15303054,-3.0800622,-0.031805977,-0.00032347263,-1.5746778,1.332086,0.00032347324,0.004354285,-0.0012005088,-0.0028743304,-0.48005003,0.0025735935,80.0,1,0.9993597,8.4e-05,-17.164566040039062,36.313438415527344,0.14972000446448497,23104000,833,27763
362,-44.755497,36.758858,-109.33105,-12.85805,0.0,0.0,0.0,0.0,379.2414,29.0,500.0,-0.15123224,-3.1061552,-0.03577258,-0.0017528557,-1.9117653,1.4354659,0.0017528574,0.004152378,-0.0011405069,-0.0026962708,-0.4867381,0.0023300294,80.0,1,0.9988731,8.34e-05,-17.131044387817383,36.28060531616211,0.14872200051473144,23168000,836,27877
363,-41.832653,34.695053,-133.02995,-13.384328,0.0,0.0,0.0,0.0,403.94696,29.0,500.0,-0.1487181,-2.9557824,-0.018540345,5.8842226e-05,-2.0687923,1.3808532,-5.884134e-05,0.005650202,-0.0013064486,-0.0038992304,-0.49347118,0.0026301164,80.0,1,0.99964935,8.28e-05,-17.097253799438477,36.24696731567383,0.14772399230473873,23232000,838,27782
364,-48.526516,37.554535,-110.29425,-13.359027,0.0,0.0,0.0,0.0,363.66187,25.0,500.0,-0.16090119,-3.1927981,0.010251485,-0.001050436,-1.6432359,0.94662654,0.0010504345,0.0038452526,-0.0011964575,-0.0022663905,-0.5002499,0.0024526399,80.0,1,0.9988682,8.22e-05,-17.06492805480957,36.214073181152344,0.14672599953758575,23296000,840,27785
365,-46.54081,36.425396,-109.53812,-14.237046,0.0,0.0,0.0,0.0,379.23358,23.0,500.0,-0.16708319,-3.0875807,-0.028329104,0.0010619583,-2.4842618,1.213509,-0.0010619586,0.006271716,-0.0014413128,-0.0041057016,-0.5070748,0.0028199663,80.0,1,0.99844146,8.16e-05,-17.032573699951172,36.180973052978516,0.1457280084601092,23360000,843,27787
366,-41.60131,34.670563,-110.30827,-12.761084,0.0,0.0,0.0,0.0,398.25,25.0,500.0,-0.14815162,-3.0219862,0.06602205,0.00019624167,-2.2054238,1.0469416,-0.00019624381,0.004730015,-0.0011526304,-0.0032459672,-0.5139466,0.0023537702,80.0,1,0.9999832,8.1e-05,-16.998779296875,36.147911071777344,0.1447300075462838,23424000,845,27785
367,-42.959293,34.79302,-129.25896,-13.104768,0.0,0.0,0.0,0.0,398.60742,23.0,500.0,-0.15380709,-3.1296053,0.027552795,0.0004850097,-2.0510223,1.0431241,-0.0004850071,0.004379402,-0.0011695789,-0.003011478,-0.5208663,0.0023024715,80.0,1,1.0003699,8.04e-05,-16.96614646911621,36.11449432373047,0.14373200461841953,23488000,847,27557
368,-47.94779,38.4991,-130.35516,-12.548282,0.0,0.0,0.0,0.0,366.2867,24.0,500.0,-0.16639318,-3.3028474,-0.036596302,-0.001869648,-2.1766489,1.4391178,0.0018696471,0.006189104,-0.0015502081,-0.0041865595,-0.527834,0.0028755548,80.0,1,0.99882495,7.98e-05,-16.935176849365234,36.08210372924805,0.14273399220851296,23552000,850,27773
369,-41.632843,34.407074,-134.3195,-12.829424,0.0,0.0,0.0,0.0,408.02206,28.0,500.0,-0.14192508,-3.0163333,0.0009932742,-0.0038068676,-2.4267695,1.0978487,0.0038068707,0.0057434835,-0.0013316635,-0.0040985066,-0.5348506,0.002452162,80.0,1,0.9978418,7.92e-05,-16.902587890625,36.049110412597656,0.1417359988281145,23616000,852,27767
370,-47.949066,38.325504,-138.87949,-12.005448,0.0,0.0,0.0,0.0,371.01428,26.0,500.0,-0.16082938,-3.1119697,0.022059862,-0.0030293951,-2.3847806,1.5853201,0.0030293968,0.0061660674,-0.0015216128,-0.004027183,-0.5419168,0.0027072222,80.0,1,0.99765205,7.86e-05,-16.871814727783203,36.016883850097656,0.1407380038781207,23680000,854,27762
371,-45.334747,36.119034,-108.72538,-13.168824,0.0,0.0,0.0,0.0,381.1397,27.0,500.0,-0.1549942,-3.2078435,-0.026873458,-0.00017550605,-2.1203408,1.1013918,0.00017550474,0.00365545,-0.0010953886,-0.002341474,-0.54903316,0.0022256146,80.0,1,0.9985577,7.8e-05,-16.83997344970703,35.98426818847656,0.13974000605204304,23744000,857,27777
372,-46.114414,35.926247,-107.910835,-14.99281,0.0,0.0,0.0,0.0,379.471,29.0,500.0,-0.15915957,-3.0315113,0.007312838,0.00041981935,-1.8045297,1.4290096,-0.0004198195,0.004113867,-0.0011587718,-0.0028137148,-0.5562006,0.0023918988,80.0,1,0.99910176,7.74e-05,-16.808486938476562,35.9517707824707,0.13874200618688798,23808000,859,27836
373,-49.151886,38.257286,-137.04398,-13.415141,0.0,0.0,0.0,0.0,368.4752,24.0,500.0,-0.17433906,-3.107473,-0.016571,0.000951926,-2.2354088,1.4025583,-0.00095192774,0.008009969,-0.0016749627,-0.005372625,-0.5634199,0.0027529579,80.0,1,0.99929804,7.68e-05,-16.778841018676758,35.91964340209961,0.13774400724779592,23872000,861,27793
374,-44.103336,36.94145,-133.02336,-12.669548,0.0,0.0,0.0,0.0,388.64493,26.0,500.0,-0.16185646,-3.2593186,-0.04057303,0.00029571803,-1.8995414,1.2951317,-0.0002957196,0.004386562,-0.0012397673,-0.0030391,-0.5706916,0.0025299424,80.0,1,0.9986671,7.62e-05,-16.747699737548828,35.88747024536133,0.13674599801084084,23936000,864,27794
375,-44.820293,36.506897,-113.88134,-13.046479,0.0,0.0,0.0,0.0,382.6454,26.0,500.0,-0.1607037,-3.1449258,0.0036581904,-0.00027409574,-2.3215737,1.0906651,0.0002740962,0.005325304,-0.0013490253,-0.0036407672,-0.57801634,0.002355557,80.0,1,0.99943,7.56e-05,-16.716676712036133,35.855464935302734,0.13574800218888605,24000000,866,27802
376,-44.7795,35.40139,-112.8268,-13.934947,0.0,0.0,0.0,0.0,391.98572,26.0,500.0,-0.16455157,-3.2454045,-0.037575886,0.0005193973,-2.395247,1.353396,-0.0005193937,0.006741239,-0.0014932472,-0.0045530684,-0.58539546,0.0026247415,80.0,1,1.0005707,7.5e-05,-16.68607521057129,35.82310485839844,0.1347500129713216,24064000,868,27787
377,-46.813198,37.602345,-132.04794,-13.2128105,0.0,0.0,0.0,0.0,372.80713,22.0,500.0,-0.16043907,-2.9840775,-0.006924454,-0.0024027904,-2.0425513,1.2144985,0.0024027901,0.005466382,-0.0013441977,-0.00383584,-0.5928293,0.00255086,80.0,1,0.99829686,7.439999999999999e-05,-16.655841827392578,35.791481018066406,0.13375201014100976,24128000,870,27757
378,-40.820457,34.078312,-109.70395,-13.171002,0.0,0.0,0.0,0.0,402.81204,24.0,500.0,-0.15047513,-3.0707533,0.004652418,0.0011397998,-2.188098,1.3323078,-0.0011398003,0.00443259,-0.0011282789,-0.0029198332,-0.6003189,0.0021053285,80.0,1,1.000433,7.379999999999999e-05,-16.62381362915039,35.75934982299805,0.13275399230240686,24192000,873,27802
379,-44.69698,36.634064,-125.38951,-13.18226,0.0,0.0,0.0,0.0,386.7737,29.0,500.0,-0.16485046,-3.0796587,-0.040662322,0.0005359696,-2.1498575,1.1514591,-0.00053597125,0.004852496,-0.0011808269,-0.0033123803,-0.6078649,0.0022705076,80.0,1,1.0009412,7.319999999999999e-05,-16.593549728393555,35.72757339477539,0.1317560076814931,24256000,875,27797
380,-41.8895,34.972393,-132.17549,-11.072964,0.0,0.0,0.0,0.0,399.1103,27.0,500.0,-0.1493372,-3.0578103,-0.01979712,8.0713835e-05,-2.0482075,1.4376525,-8.0713304e-05,0.0035981562,-0.0009729362,-0.0025238884,-0.61546844,0.00199401,80.0,1,0.9989397,7.259999999999999e-05,-16.562362670898438,35.695648193359375,0.13075801203425086,24320000,877,27802
381,-45.035133,35.77322,-108.83785,-12.478354,0.0,0.0,0.0,0.0,383.5926,27.0,500.0,-0.15597798,-3.17291,-0.021934941,-0.00096730643,-2.4090667,1.2126006,0.0009673051,0.0045303646,-0.001164311,-0.0031557968,-0.6231303,0.0023156144,80.0,1,0.99944645,7.199999999999999e-05,-16.53193473815918,35.663909912109375,0.12975999594514834,24384000,880,27802
382,-45.166878,36.13425,-109.55883,-13.532624,0.0,0.0,0.0,0.0,382.4539,27.0,500.0,-0.15989916,-3.2025192,-0.039460734,-0.00023698813,-2.2289138,1.2570633,0.00023698813,0.005430482,-0.0013390032,-0.0036071213,-0.63085085,0.002431564,80.0,1,1.0003266,7.139999999999999e-05,-16.502059936523438,35.632476806640625,0.12876201431667042,24448000,882,27883
383,-45.58897,37.037334,-136.84651,-12.703862,0.0,0.0,0.0,0.0,384.77304,28.0,500.0,-0.164874,-3.286771,0.017867122,0.00019715635,-1.8319943,1.0262325,-0.00019715496,0.004525801,-0.0013080398,-0.0031129732,-0.6386319,0.0024198908,80.0,1,0.9991045,7.079999999999999e-05,-16.472793579101562,35.60116958618164,0.1277640012013868,24512000,884,27789
384,-49.877758,37.908855,-109.45297,-13.260966,0.0,0.0,0.0,0.0,358.42142,24.0,500.0,-0.16841413,-3.0684254,-0.035216242,-0.0020803327,-2.617229,1.519431,0.0020803357,0.0058228187,-0.0012934137,-0.0037686045,-0.64647394,0.0025296533,80.0,1,0.9994138,7.019999999999999e-05,-16.44438934326172,35.570152282714844,0.1267659861031011,24576000,887,27793
385,-44.606903,36.09841,-108.78374,-14.259149,0.0,0.0,0.0,0.0,383.75555,29.0,500.0,-0.15284659,-3.0913458,-0.014849052,-0.0009247346,-2.2951167,0.91287637,0.00092473265,0.0030174109,-0.00093723857,-0.0019092727,-0.6543779,0.0022131894,80.0,1,0.9984462,6.959999999999998e-05,-16.414396286010742,35.5389404296875,0.12576800042947556,24640000,889,27789
386,-49.144913,38.569138,-110.858376,-12.152574,0.0,0.0,0.0,0.0,358.57343,25.0,500.0,-0.1646458,-3.2065387,-0.021259718,-0.003825036,-2.4663131,1.3395586,0.0038250333,0.00682956,-0.0014787769,-0.0044645723,-0.6623448,0.002982974,80.0,1,0.9978649,6.899999999999998e-05,-16.386117935180664,35.50851058959961,0.12476998822693401,24704000,891,27754
387,-44.168747,36.407578,-137.19922,-12.889059,0.0,0.0,0.0,0.0,386.72992,26.0,500.0,-0.15722524,-3.136686,-0.008897349,-0.0011334135,-2.3206477,1.2310389,0.0011334135,0.006268364,-0.0014025148,-0.0042579924,-0.6703757,0.0025054254,80.0,1,0.9986563,6.839999999999998e-05,-16.356826782226562,35.477394104003906,0.12377198678366871,24768000,894,27812
388,-44.83227,36.226627,-108.51853,-12.528989,0.0,0.0,0.0,0.0,382.38687,28.0,500.0,-0.16697806,-3.184467,0.035725284,0.0007075055,-1.1780856,1.3950014,-0.0007075027,0.004427219,-0.0012248578,-0.0030725924,-0.6784715,0.0024690903,80.0,1,0.99831736,6.779999999999998e-05,-16.327861785888672,35.44633483886719,0.12277400594998016,24832000,896,27793
389,-39.092205,30.915968,-107.45749,-13.725214,0.0,0.0,0.0,0.0,423.32574,32.0,500.0,-0.15525803,-2.9633543,-0.03829149,0.0033673362,-2.0755408,1.2188917,-0.0033673355,0.003929058,-0.001089544,-0.002703252,-0.68663335,0.0021669238,80.0,1,1.0008848,6.72e-05,-16.297704696655273,35.41435241699219,0.12177600026941117,24896000,898,27765
390,-43.781303,35.456272,-108.91371,-14.896372,0.0,0.0,0.0,0.0,390.29105,27.0,500.0,-0.15528132,-3.2511516,-0.028098337,-0.0007096624,-2.2402263,1.153829,0.0007096623,0.0051926197,-0.0012082403,-0.0037234547,-0.6948627,0.0023979386,80.0,1,0.99921703,6.659999999999999e-05,-16.268606185913086,35.38335418701172,0.1207779865153081,24960000,900,27766
391,-43.62288,35.407696,-110.42274,-12.473793,0.0,0.0,0.0,0.0,390.8889,27.0,500.0,-0.15191217,-3.080733,0.018939245,-0.0016730926,-2.3131785,0.9522033,0.0016730928,0.0045688883,-0.0011993011,-0.0029224346,-0.7031599,0.0023804011,80.0,1,0.9990339,6.599999999999999e-05,-16.239612579345703,35.3524055480957,0.11978001272704332,25024000,903,27809
392,-51.82434,40.055676,-134.50908,-13.377181,0.0,0.0,0.0,0.0,346.9257,27.0,500.0,-0.17701931,-3.2855966,-0.029458784,-0.0038530207,-2.1915045,1.3651357,0.0038530193,0.0079620145,-0.0017885473,-0.0050410824,-0.71152693,0.0032924504,80.0,1,0.99778545,6.539999999999999e-05,-16.213674545288086,35.32292175292969,0.11878198707383031,25088000,905,27895
393,-48.766716,37.961147,-130.14839,-13.3392,0.0,0.0,0.0,0.0,365.4853,25.0,500.0,-0.17357126,-3.2153041,0.044810675,-0.00038650815,-2.3508096,1.3464906,0.00038650882,0.0073309247,-0.0015791802,-0.0045149494,-0.7199644,0.00267463,80.0,1,0.9996329,6.479999999999999e-05,-16.18640899658203,35.29261779785156,0.11778399267570586,25152000,907,27665
394,-46.258247,37.099236,-146.3567,-12.534593,0.0,0.0,0.0,0.0,380.1081,29.0,500.0,-0.16765995,-3.1409547,-0.013548195,-0.0011501608,-2.333628,1.3746628,0.0011501644,0.0054599345,-0.0012855132,-0.003687274,-0.72847354,0.0024881135,80.0,1,0.9987657,6.419999999999999e-05,-16.159088134765625,35.26234436035156,0.11678600199640646,25216000,910,27776
395,-43.720257,35.13977,-108.53388,-13.138631,0.0,0.0,0.0,0.0,391.03677,25.0,500.0,-0.15920429,-3.1533487,0.047014188,0.0021864309,-0.95580757,1.7489321,-0.0021864322,0.003676386,-0.0010312449,-0.0023052536,-0.7370558,0.0021402242,80.0,1,0.99963397,6.359999999999999e-05,-16.130443572998047,35.23164749145508,0.11578799199588695,25280000,912,27810
396,-37.99833,31.597626,-107.703125,-12.474016,0.0,0.0,0.0,0.0,420.10526,25.0,500.0,-0.14792481,-3.028559,0.019628756,0.0026886154,-1.1323518,1.3408171,-0.0026886128,0.0028799884,-0.000931113,-0.0020254771,-0.74571234,0.0020683398,80.0,1,1.0010115,6.299999999999999e-05,-16.10083770751953,35.200557708740234,0.11478999883505472,25344000,914,27773
397,-43.90564,35.547546,-110.62256,-13.34636,0.0,0.0,0.0,0.0,388.0357,26.0,500.0,-0.15479709,-3.085889,-0.027240604,-0.0012122764,-2.5246556,1.1499727,0.0012122758,0.005181864,-0.0012427897,-0.003533088,-0.7544444,0.0024907822,80.0,1,0.99913704,6.239999999999999e-05,-16.072763442993164,35.1702880859375,0.11379200694335306,25408000,917,27809
398,-51.548008,40.010105,-132.43446,-13.0667,0.0,0.0,0.0,0.0,343.06293,24.0,500.0,-0.16797072,-3.2441273,-0.031203657,-0.0056476747,-2.5567172,1.1014553,0.005647674,0.0065968167,-0.0015487544,-0.004661572,-0.76325345,0.0032108407,80.0,1,0.99702096,6.179999999999998e-05,-16.046897888183594,35.141197204589844,0.11279400514891039,25472000,919,27737
399,-51.896717,38.484577,-129.28784,-13.483425,0.0,0.0,0.0,0.0,349.03424,23.0,500.0,-0.18060997,-3.3399267,-0.045329597,-0.0013428188,-2.367598,1.4698352,0.0013428181,0.0075178565,-0.0016366437,-0.004888896,-0.77214086,0.0029002968,80.0,1,0.99888575,6.119999999999998e-05,-16.02139663696289,35.11175537109375,0.11179601329796213,25536000,921,27772
400,-50.582733,39.714325,-141.31837,-12.767912,0.0,0.0,0.0,0.0,351.72342,23.0,500.0,-0.17311268,-3.2864459,-0.05050221,-0.0017472148,-1.9106445,1.679962,0.0017472161,0.006080739,-0.0014025904,-0.0042118514,-0.78110796,0.0026632235,80.0,1,0.9989059,6.059999999999998e-05,-15.995462417602539,35.08269500732422,0.11079800178016291,25600000,924,27765
401,-44.81448,36.706367,-141.12271,-14.929283,0.0,0.0,0.0,0.0,390.33572,27.0,500.0,-0.16645318,-3.044465,-0.0450907,-0.00064936513,-2.7305052,1.0952238,0.00064936676,0.0050638393,-0.0012844966,-0.0031633582,-0.7901563,0.002516257,80.0,1,0.9997759,5.999999999999998e-05,-15.968878746032715,35.05265426635742,0.1097999985840832,25664000,926,27773
402,-47.9505,37.917957,-109.18968,-12.938036,0.0,0.0,0.0,0.0,365.22144,25.0,500.0,-0.16976823,-3.6519477,-0.003857106,-0.0016441931,-2.4206073,1.5244886,0.0016441946,0.006702429,-0.0015151856,-0.004577161,-0.79928696,0.0025832094,80.0,1,0.99892,5.939999999999998e-05,-15.942669868469238,35.02318572998047,0.10880200905780282,25728000,928,27742
403,-44.93782,37.37808,-151.72314,-13.118772,0.0,0.0,0.0,0.0,383.31616,25.0,500.0,-0.16077389,-3.1193347,-0.022731367,0.00031311088,-2.2136102,0.9828977,-0.00031311388,0.003753931,-0.0010633648,-0.0023309388,-0.8085021,0.0021974826,80.0,1,0.99979675,5.879999999999998e-05,-15.915788650512695,34.99351501464844,0.1078039913559974,25792000,931,27731
404,-46.259766,37.92869,-108.110825,-12.926049,0.0,0.0,0.0,0.0,368.63196,27.0,500.0,-0.16436815,-3.128778,-0.0025198981,0.0008890797,-1.6488727,1.4855376,-0.00088907906,0.0046292148,-0.0011817032,-0.0031381245,-0.8178025,0.0024047536,80.0,1,0.9997479,5.819999999999998e-05,-15.889102935791016,34.96451950073242,0.10680601156493105,25856000,933,27790
405,-50.796715,39.51713,-135.63348,-13.719396,0.0,0.0,0.0,0.0,348.1931,24.0,500.0,-0.17894974,-3.1295178,-0.027498592,0.00040918766,-2.2651846,1.1071262,-0.00040918967,0.0047900314,-0.0012717862,-0.002971528,-0.8271905,0.0023267101,80.0,1,0.99928296,5.759999999999998e-05,-15.863870620727539,34.935813903808594,0.10580801186109053,25920000,935,27750
406,-44.64564,35.65024,-108.137856,-13.026539,0.0,0.0,0.0,0.0,383.1439,25.0,500.0,-0.16274546,-3.1226008,-0.02941705,0.0023662904,-2.3122246,1.1841992,-0.0023662928,0.0035268094,-0.0010354177,-0.0023321493,-0.8366679,0.0021600765,80.0,1,0.9992019,5.6999999999999976e-05,-15.836902618408203,34.906219482421875,0.10480999133546844,25984000,937,27751
407,-53.231976,39.319855,-108.9055,-15.418535,0.0,0.0,0.0,0.0,338.11725,28.0,500.0,-0.18701884,-3.1157517,-0.028522905,0.0001590166,-2.4704049,1.3201811,-0.00015901879,0.007466235,-0.0016128956,-0.0049610506,-0.8462353,0.0025333848,80.0,1,1.0003774,5.639999999999998e-05,-15.812481880187988,34.87791061401367,0.10381200356761766,26048000,940,27776
408,-46.311558,36.93803,-108.45104,-14.930984,0.0,0.0,0.0,0.0,375.8227,30.0,500.0,-0.17044576,-3.650422,-0.036289446,0.00084443187,-2.4375238,1.2548873,-0.0008444305,0.004369187,-0.0010937818,-0.0027764286,-0.8558951,0.002176701,80.0,1,1.0001016,5.5800000000000015e-05,-15.786574363708496,34.8487434387207,0.10281400712130934,26112000,942,27756
409,-40.217518,32.55633,-110.54448,-13.245382,0.0,0.0,0.0,0.0,414.0075,22.0,500.0,-0.14835905,-3.242413,-0.032655504,-0.0006269641,-2.5065472,1.4449252,0.0006269629,0.005344022,-0.0012722434,-0.0035361429,-0.86564934,0.0025232043,80.0,1,0.99918455,5.5200000000000014e-05,-15.75940227508545,34.81880569458008,0.10181599162730312,26176000,944,27817
410,-42.354317,35.289223,-146.65584,-12.905631,0.0,0.0,0.0,0.0,400.61313,25.0,500.0,-0.1577799,-3.5895355,-0.022970319,-0.0010861174,-1.4587377,0.84241724,0.0010861154,0.003979677,-0.0012038479,-0.002644583,-0.8754999,0.0022736352,80.0,1,0.9989572,5.460000000000001e-05,-15.732938766479492,34.78933334350586,0.10081800057836213,26240000,947,27844
411,-42.23105,35.05008,-107.34936,-14.243915,0.0,0.0,0.0,0.0,394.4,22.0,500.0,-0.15681152,-3.3660927,-0.042763002,0.0009203657,-1.8715156,1.4872984,-0.00092037127,0.0035774896,-0.0010175527,-0.0024222685,-0.8854483,0.0021138312,80.0,1,1.0003977,5.400000000000001e-05,-15.706243515014648,34.760128021240234,0.09982000990089675,26304000,949,27799
412,-40.986153,34.541862,-127.234856,-13.320461,0.0,0.0,0.0,0.0,404.99277,31.0,500.0,-0.15267359,-3.3376935,-0.011267208,-0.00043876577,-2.1940384,1.4591388,0.00043876842,0.0053576166,-0.0013303829,-0.0037385544,-0.89549655,0.0024772047,80.0,1,0.99924576,5.340000000000001e-05,-15.67979907989502,34.73084259033203,0.09882200215069226,26368000,951,27872
413,-39.824203,32.465195,-107.04606,-11.136002,0.0,0.0,0.0,0.0,412.86465,25.0,500.0,-0.15242085,-3.1376905,0.06733146,0.0023620983,-1.9689777,1.4395226,-0.002362099,0.004959064,-0.0012092472,-0.003465635,-0.90564704,0.0022311837,80.0,1,0.9999894,5.280000000000001e-05,-15.652677536010742,34.7011833190918,0.09782398977730007,26432000,954,27768
414,-46.247875,37.654026,-110.79604,-10.314318,0.0,0.0,0.0,0.0,370.29578,26.0,500.0,-0.1643532,-3.1833076,-0.032729484,-0.0007691752,-2.627225,1.3967129,0.0007691737,0.006713304,-0.0014546297,-0.004424774,-0.9159013,0.0024119616,80.0,1,0.99955904,5.220000000000001e-05,-15.627446174621582,34.67280197143555,0.09682599078813527,26496000,956,27760
415,-43.010487,34.94488,-109.223335,-13.359335,0.0,0.0,0.0,0.0,392.77536,27.0,500.0,-0.16374955,-3.4302897,-0.0033758692,0.001139167,-1.9514529,1.556861,-0.0011391648,0.0049181487,-0.0011991403,-0.0035513625,-0.9262618,0.0024496634,80.0,1,0.99941933,5.160000000000001e-05,-15.601752281188965,34.64360809326172,0.09582800583771924,26560000,958,27783
416,-46.926456,37.117428,-111.21421,-15.629027,0.0,0.0,0.0,0.0,371.20715,25.0,500.0,-0.16535205,-3.2826452,-0.043957084,-0.0010567458,-2.5498178,1.0271237,0.0010567419,0.006009564,-0.0014205922,-0.0041873157,-0.93673134,0.0024957338,80.0,1,0.99915385,5.1000000000000006e-05,-15.576712608337402,34.615116119384766,0.09482999674191603,26624000,961,27759
417,-41.46721,34.703,-111.28736,-12.667424,0.0,0.0,0.0,0.0,398.9781,28.0,500.0,-0.14810094,-3.1297398,-0.043416202,-0.0013771746,-2.1750426,1.3920536,0.0013771743,0.0045611374,-0.001154812,-0.0030232645,-0.9473106,0.0024078852,80.0,1,0.9975851,5.0400000000000005e-05,-15.550539016723633,34.58629608154297,0.09383200064478514,26688000,963,27776
418,-48.16639,37.544468,-125.96547,-13.692792,0.0,0.0,0.0,0.0,370.3475,27.0,500.0,-0.1742042,-3.302046,-0.04206399,4.14691e-05,-2.178687,1.5274714,-4.146993e-05,0.0063378727,-0.001465571,-0.004480586,-0.9580039,0.0024315156,80.0,1,1.00061,4.9800000000000004e-05,-15.526511192321777,34.5579948425293,0.09283399357739203,26752000,965,27793
419,-45.659622,36.440563,-107.863335,-13.418588,0.0,0.0,0.0,0.0,376.54675,26.0,500.0,-0.16263239,-3.524451,-0.039867166,0.0003421492,-1.5901322,1.1071507,-0.00034214597,0.003712107,-0.0010779835,-0.002398148,-0.96881205,0.0021845964,80.0,1,0.99964523,4.92e-05,-15.501367568969727,34.529598236083984,0.09183600342891955,26816000,967,27731
420,-43.57476,35.010086,-110.63958,-11.255964,0.0,0.0,0.0,0.0,392.24817,27.0,500.0,-0.15248603,-3.2299173,-0.038088404,-0.0022652363,-2.4071434,0.9395478,0.0022652377,0.0038654455,-0.0010288642,-0.0026332117,-0.9797392,0.0020768256,80.0,1,0.99995446,4.86e-05,-15.476210594177246,34.50089645385742,0.09083799920159873,26880000,970,27586
421,-49.13314,38.829468,-125.39396,-13.908439,0.0,0.0,0.0,0.0,359.18182,27.0,500.0,-0.16528678,-3.2145734,-0.036888786,-0.0040778797,-2.5383487,1.4957875,0.0040778816,0.008074741,-0.001617538,-0.0059752385,-0.99078655,0.0029541426,80.0,1,0.99898374,4.800000000000001e-05,-15.452654838562012,34.47333526611328,0.08984000159569713,26944000,972,27787
422,-45.637756,36.710064,-131.33972,-11.572395,0.0,0.0,0.0,0.0,379.57446,27.0,500.0,-0.16064066,-3.3428912,-0.014084157,-0.001315585,-2.6069257,1.4775252,0.0013155838,0.005793973,-0.0013722058,-0.0042471215,-1.001957,0.0024617668,80.0,1,0.99890953,4.740000000000001e-05,-15.428213119506836,34.44518280029297,0.08884199581837332,27008000,974,27846
423,-46.579628,37.14649,-118.614265,-13.515709,0.0,0.0,0.0,0.0,375.09354,27.0,500.0,-0.16504717,-3.1442156,-0.026631325,-0.0024423376,-2.0325565,1.4738575,0.0024423366,0.0051123095,-0.0013650696,-0.003494096,-1.0132543,0.0026751866,80.0,1,0.99862534,4.6800000000000006e-05,-15.404227256774902,34.417335510253906,0.08784399670478638,27072000,977,27772
424,-46.965443,37.39547,-108.774376,-14.032686,0.0,0.0,0.0,0.0,370.95206,23.0,500.0,-0.16835004,-3.3137674,0.05219481,-0.001507391,-2.4038563,1.5013899,0.0015073894,0.0064320164,-0.0014564168,-0.004307367,-1.0246801,0.0024334965,80.0,1,0.9994199,4.6200000000000005e-05,-15.380417823791504,34.38984298706055,0.08684600602369986,27136000,979,27769
425,-49.249424,38.85117,-108.7375,-13.988163,0.0,0.0,0.0,0.0,354.50684,27.0,500.0,-0.17276654,-3.1955554,-0.03302246,-0.0028304558,-2.1946988,1.2127211,0.002830457,0.0060270894,-0.001500173,-0.0042700884,-1.0362387,0.0026334487,80.0,1,0.99770594,4.5600000000000004e-05,-15.357184410095215,34.362606048583984,0.08584799310185452,27200000,981,27779
426,-40.509026,33.83622,-108.35471,-11.46299,0.0,0.0,0.0,0.0,405.19116,26.0,500.0,-0.15401469,-3.2826147,-0.052917786,0.0016020796,-2.516273,1.095342,-0.0016020809,0.004975279,-0.0011744802,-0.0030359218,-1.0479318,0.0022493342,80.0,1,1.0003678,4.5e-05,-15.331872940063477,34.334373474121094,0.08484999825035386,27264000,984,27766
427,-45.19842,36.720646,-113.10981,-14.298379,0.0,0.0,0.0,0.0,380.58694,26.0,500.0,-0.16572684,-3.3337648,-0.01976382,0.00010467279,-2.0817385,1.1523316,-0.000104675826,0.006918133,-0.0015258561,-0.0046435064,-1.0597631,0.0025335709,80.0,1,0.9999298,4.44e-05,-15.307913780212402,34.3067741394043,0.08385200913737162,27328000,986,27748
428,-45.04031,36.31954,-109.26135,-14.067909,0.0,0.0,0.0,0.0,381.77856,26.0,500.0,-0.16508286,-3.3534048,0.008481108,-0.0010758056,-2.5067093,1.7736682,0.0010758078,0.0063990494,-0.0013324644,-0.004536092,-1.0717365,0.0024932977,80.0,1,1.0000644,4.38e-05,-15.284156799316406,34.2790412902832,0.08285400375312962,27392000,988,27792
429,-53.305008,39.31498,-130.82335,-13.704677,0.0,0.0,0.0,0.0,341.84668,24.0,500.0,-0.18433154,-3.1121185,0.029576115,-0.0052370992,-2.2330878,1.3653845,0.0052370997,0.009115043,-0.001895676,-0.006503484,-1.0838555,0.0031680134,80.0,1,0.996554,4.32e-05,-15.262768745422363,34.25257873535156,0.08185599051418736,27456000,991,27792
430,-49.594006,38.088566,-110.38167,-14.143191,0.0,0.0,0.0,0.0,358.5105,29.0,500.0,-0.17812955,-3.4695597,-0.023150094,-0.000764239,-2.4015665,1.5705817,0.0007642358,0.0065462813,-0.0014968812,-0.0041855644,-1.0961219,0.002562025,80.0,1,0.99918044,4.26e-05,-15.24011516571045,34.225608825683594,0.08085800695059232,27520000,993,27764
431,-46.42651,36.47396,-108.36994,-13.713229,0.0,0.0,0.0,0.0,375.85822,22.0,500.0,-0.1658761,-3.2878692,0.0057851374,0.00092034606,-1.9288366,1.4694115,-0.0009203464,0.0047898833,-0.0012189606,-0.0033049844,-1.1085415,0.0021490469,80.0,1,1.0001144,4.2e-05,-15.216602325439453,34.19798278808594,0.07986000414631658,27584000,995,27810
432,-45.811913,36.663948,-108.62152,-13.755128,0.0,0.0,0.0,0.0,375.0,25.0,500.0,-0.16753927,-3.258228,-0.036528245,0.0021596744,-2.1399252,1.6361636,-0.0021596712,0.004811215,-0.0010826751,-0.0036309403,-1.1211174,0.0022622484,80.0,1,1.0011574,4.14e-05,-15.192944526672363,34.170654296875,0.07886200296945123,27648000,998,27798
433,-39.89891,32.543243,-124.23962,-12.422609,0.0,0.0,0.0,0.0,414.16418,27.0,500.0,-0.15656999,-3.3329856,-0.043007076,0.0022259294,-2.5290422,1.1604323,-0.0022259308,0.0056438297,-0.0013641096,-0.0040743714,-1.1338531,0.0022932927,80.0,1,0.99990505,4.08e-05,-15.16866397857666,34.14235305786133,0.07786399753941667,27712000,1000,27825
434,-39.29831,31.6377,-110.04091,-12.368693,0.0,0.0,0.0,0.0,417.97037,24.0,500.0,-0.14817204,-3.2160263,-0.03833594,0.0002527597,-2.29675,1.3874843,-0.00025276246,0.004523832,-0.0010511386,-0.0031775166,-1.1467531,0.002091437,80.0,1,0.99894637,4.02e-05,-15.144149780273438,34.11416244506836,0.07686599410909396,27776000,1002,27752
435,-48.686234,37.915718,-134.2451,-13.451516,0.0,0.0,0.0,0.0,368.78873,30.0,500.0,-0.16412586,-3.2019541,0.007143371,-0.0066171694,-2.6801991,1.3631845,0.006617166,0.008985254,-0.0017824245,-0.0056637563,-1.1598219,0.0030012133,80.0,1,0.9974772,3.96e-05,-15.12218952178955,34.087345123291016,0.07586799281884798,27840000,1004,27810
436,-42.511925,34.28958,-113.236786,-12.326342,0.0,0.0,0.0,0.0,400.15942,28.0,500.0,-0.1516926,-3.3338542,-0.031956546,-0.0030773373,-2.2258673,1.0820705,0.0030773361,0.005553789,-0.0013387254,-0.003726292,-1.1730634,0.0026608543,80.0,1,0.9978994,3.9e-05,-15.098855018615723,34.059696197509766,0.07487000657070499,27904000,1007,27789
437,-45.68276,36.532757,-110.73447,-14.693138,0.0,0.0,0.0,0.0,378.07144,27.0,500.0,-0.16324069,-3.18387,-0.020665891,-0.0014464073,-2.0409691,1.6317422,0.0014464032,0.0057400553,-0.0013717419,-0.004094634,-1.1864828,0.002447055,80.0,1,0.998814,3.84e-05,-15.076069831848145,34.032657623291016,0.0738720080162017,27968000,1009,27800
438,-42.855442,35.1931,-125.153656,-13.932163,0.0,0.0,0.0,0.0,400.48904,28.0,500.0,-0.15605591,-3.259173,-0.018295236,-0.0024554867,-1.6596088,0.9808944,0.0024554874,0.00433428,-0.0011480204,-0.002858501,-1.2000848,0.00221564,80.0,1,0.998919,3.78e-05,-15.053165435791016,34.005226135253906,0.07287400243934623,28032000,1011,27758
439,-49.79233,38.166805,-110.66339,-12.386775,0.0,0.0,0.0,0.0,355.517,24.0,500.0,-0.17072985,-3.1821344,-0.033310823,-0.0040537594,-2.5259619,1.1461103,0.0040537557,0.0061426186,-0.0013780862,-0.0043532387,-1.2138746,0.0026214581,80.0,1,0.99902105,3.7199999999999996e-05,-15.031644821166992,33.97887420654297,0.07187599209944597,28096000,1014,27776
440,-45.167126,37.72258,-143.58972,-13.614421,0.0,0.0,0.0,0.0,379.70715,27.0,500.0,-0.15917014,-3.2092438,-0.008209117,-0.0025809482,-2.288856,1.409236,0.0025809556,0.005556559,-0.0012382586,-0.0041838028,-1.2278568,0.002352911,80.0,1,0.9987091,3.6599999999999995e-05,-15.0090913772583,33.9522819519043,0.07087799411433016,28160000,1016,27793
441,-41.078064,33.388996,-123.569786,-12.144652,0.0,0.0,0.0,0.0,409.46564,31.0,500.0,-0.15713318,-3.1630905,-0.018266559,0.0009958935,-2.2850246,1.2476674,-0.0009958968,0.005106457,-0.0011833324,-0.003607674,-1.2420369,0.0023752193,80.0,1,1.0003282,3.5999999999999994e-05,-14.985739707946777,33.924869537353516,0.0698800069223068,28224000,1018,27771
442,-45.677708,36.51414,-112.86154,-11.3051605,0.0,0.0,0.0,0.0,381.30215,28.0,500.0,-0.16108221,-3.1491866,-0.024455257,-0.0035533595,-2.3653836,0.9092675,0.0035533633,0.0061506424,-0.0013426093,-0.0041401703,-1.2564219,0.0025408347,80.0,1,0.9987553,3.539999999999999e-05,-14.963645935058594,33.89820098876953,0.06888199600978066,28288000,1021,27830
443,-51.61594,39.123074,-143.6229,-13.601384,0.0,0.0,0.0,0.0,355.17023,27.0,500.0,-0.18296798,-3.257626,-0.042178318,-0.0034910045,-2.493098,1.6054152,0.0034910096,0.0074050436,-0.0016122888,-0.0049006003,-1.2710165,0.0027739173,80.0,1,0.9972656,3.479999999999999e-05,-14.94317626953125,33.872100830078125,0.06788399434689966,28352000,1023,27789
444,-44.632492,36.00175,-133.6517,-13.942064,0.0,0.0,0.0,0.0,388.1111,27.0,500.0,-0.17043515,-3.1651568,-0.031349294,0.0011090288,-2.036858,1.31013,-0.0011090264,0.0054821307,-0.0013233759,-0.0033524805,-1.285827,0.002357516,80.0,1,0.9989358,3.419999999999999e-05,-14.920997619628906,33.84522247314453,0.06688600288065942,28416000,1025,27819
445,-53.33148,39.40582,-119.99394,-14.073307,0.0,0.0,0.0,0.0,338.3793,24.0,500.0,-0.18570246,-3.396747,-0.030000806,-0.0028547267,-1.7287717,1.447872,0.0028547267,0.0057313493,-0.0014194539,-0.0038494538,-1.3008605,0.0025226912,80.0,1,0.99771243,3.36e-05,-14.900862693786621,33.81974411010742,0.0658879938321397,28480000,1028,27769
446,-41.8084,34.00448,-109.30812,-13.452882,0.0,0.0,0.0,0.0,401.70587,28.0,500.0,-0.16401519,-3.390413,0.041294917,0.0014462053,-2.1444082,1.6385612,-0.0014462008,0.005205031,-0.0012698099,-0.0035918946,-1.3161231,0.0022904892,80.0,1,0.99994093,3.2999999999999996e-05,-14.878308296203613,33.792720794677734,0.06489000680314891,28544000,1030,27759
447,-50.632206,38.765446,-110.140656,-14.209854,0.0,0.0,0.0,0.0,351.0634,27.0,500.0,-0.18103534,-3.143391,-0.048398986,-0.0018816896,-2.3712425,1.026256,0.0018816876,0.005494992,-0.0013034933,-0.0035191749,-1.331623,0.0022566824,80.0,1,0.99921715,3.2399999999999995e-05,-14.857604026794434,33.76713562011719,0.06389199257058895,28608000,1032,27753
448,-52.064175,38.57154,-108.88937,-14.619457,0.0,0.0,0.0,0.0,347.10345,25.0,500.0,-0.19131406,-3.4876573,0.009119533,0.0011667786,-2.5763683,1.2548131,-0.0011667777,0.0058783293,-0.0012775661,-0.003931191,-1.3473662,0.0023703082,80.0,1,1.0003649,3.1799999999999994e-05,-14.837285041809082,33.74151611328125,0.06289400103034998,28672000,1035,26157
449,-41.701897,34.221634,-132.93126,-12.275654,0.0,0.0,0.0,0.0,403.86465,26.0,500.0,-0.16025361,-3.2587328,-0.045155495,0.0012989981,-2.103605,1.2757361,-0.0012989996,0.00400362,-0.0010464326,-0.0027253944,-1.3633612,0.0021204776,80.0,1,1.0003288,3.119999999999999e-05,-14.8148775100708,33.71467590332031,0.06189599781700236,28736000,1037,27822
450,-39.851345,33.383446,-116.98447,-12.964453,0.0,0.0,0.0,0.0,411.0224,27.0,500.0,-0.15710019,-3.7282498,-0.036293305,0.0006790574,-2.1231766,1.4243875,-0.0006790587,0.006081528,-0.0012612711,-0.004368704,-1.3796164,0.0022721235,80.0,1,0.99920046,3.059999999999999e-05,-14.792189598083496,33.68791580200195,0.060898002936483384,28800000,1039,27831
451,-45.56293,36.154827,-136.29527,-14.049049,0.0,0.0,0.0,0.0,385.91428,27.0,500.0,-0.16677725,-3.1818159,-0.03837204,-0.002261185,-2.1076581,1.4565957,0.002261184,0.0063000727,-0.0015029225,-0.0044531045,-1.3961405,0.0027358974,80.0,1,0.9974395,2.999999999999999e-05,-14.771018981933594,33.661685943603516,0.05990000230669938,28864000,1042,27804
452,-43.632404,34.97718,-111.52288,-13.162712,0.0,0.0,0.0,0.0,392.31387,30.0,500.0,-0.17486346,-3.2969015,-0.040032715,0.0037316475,-2.0404067,1.6404864,-0.0037316466,0.006947973,-0.0014676899,-0.004997892,-1.4129416,0.0024734521,80.0,1,1.0004092,2.939999999999999e-05,-14.749259948730469,33.63534927368164,0.05890199422785573,28928000,1044,27864
453,-48.384785,38.609993,-124.02125,-13.216236,0.0,0.0,0.0,0.0,360.18842,25.0,500.0,-0.17084876,-3.1771128,-0.031742364,-0.002341664,-2.3899853,1.1022704,0.002341662,0.005371723,-0.0011883616,-0.0036656565,-1.4300301,0.0023059272,80.0,1,0.99852556,2.879999999999999e-05,-14.728532791137695,33.609901428222656,0.05790400393068557,28992000,1046,27832
454,-46.649548,36.098583,-110.03408,-13.468497,0.0,0.0,0.0,0.0,378.15714,28.0,500.0,-0.17067981,-3.345064,-0.041285396,-0.0017335946,-2.5140884,1.2337068,0.0017335946,0.0057066455,-0.0014316175,-0.0040697586,-1.4474162,0.0025597564,80.0,1,0.99807644,2.819999999999999e-05,-14.707649230957031,33.58396530151367,0.05690600169408261,29056000,1048,27828
455,-38.40705,32.69517,-129.67245,-13.245991,0.0,0.0,0.0,0.0,418.72388,27.0,500.0,-0.14902729,-3.4115765,-0.013407245,-0.0010692192,-2.4716809,1.5425351,0.0010692182,0.0060576415,-0.0013237725,-0.004377558,-1.4651091,0.0023244978,80.0,1,0.9984554,2.759999999999999e-05,-14.685338020324707,33.557472229003906,0.05590800277869207,29120000,1051,27804
456,-42.322067,35.22839,-108.21266,-13.363241,0.0,0.0,0.0,0.0,395.37122,28.0,500.0,-0.15538049,-3.2019558,-0.02445896,-0.0033468045,-2.607573,1.4912288,0.003346807,0.0072561502,-0.0013706876,-0.0050965324,-1.4831212,0.0024567097,80.0,1,0.99721766,2.699999999999999e-05,-14.663692474365234,33.531341552734375,0.0549100002316689,29184000,1053,27821
457,-42.638374,35.448723,-135.75267,-13.673573,0.0,0.0,0.0,0.0,399.3037,26.0,500.0,-0.16444577,-3.422258,-0.041130476,-0.0011211641,-2.2989025,1.5155473,0.0011211594,0.007139722,-0.0014977028,-0.005046802,-1.5014638,0.0026724422,80.0,1,0.9987027,2.6399999999999988e-05,-14.642621040344238,33.505226135253906,0.05391199476521684,29248000,1055,27817
458,-48.50293,37.951973,-112.447556,-14.482514,0.0,0.0,0.0,0.0,364.13104,26.0,500.0,-0.17968267,-3.4203103,-0.03984475,-0.0014699657,-2.3708422,1.402826,0.0014699579,0.007705099,-0.0016852517,-0.005092997,-1.5201491,0.0026425077,80.0,1,0.99873936,2.5799999999999987e-05,-14.622841835021973,33.480167388916016,0.0529139965049447,29312000,1058,27708
459,-43.73672,34.817554,-108.610695,-12.4369,0.0,0.0,0.0,0.0,393.58954,24.0,500.0,-0.1667241,-3.4879897,-0.03992737,0.0010598997,-1.6877,1.531815,-0.001059896,0.0053669508,-0.0012947323,-0.0034928469,-1.5391896,0.0022134013,80.0,1,1.0001004,2.5199999999999986e-05,-14.60171127319336,33.454246520996094,0.05191600193512627,29376000,1060,27831
460,-46.617207,36.348236,-133.48459,-13.849676,0.0,0.0,0.0,0.0,379.55475,25.0,500.0,-0.18023795,-3.4004443,-0.026625603,0.0028107057,-2.6423757,1.6965014,-0.0028107124,0.00566992,-0.0012030477,-0.0039619915,-1.5586001,0.0022514472,80.0,1,1.000961,2.4599999999999985e-05,-14.58142375946045,33.42855453491211,0.050917997926649916,29440000,1062,27849
461,-43.65858,34.850285,-112.90683,-14.313794,0.0,0.0,0.0,0.0,396.09488,29.0,500.0,-0.16277191,-3.2346578,-0.04444921,-0.001663863,-2.534189,1.1243855,0.0016638641,0.007199644,-0.0013361593,-0.0048747896,-1.5783952,0.0024603498,80.0,1,0.99927324,2.3999999999999987e-05,-14.56072998046875,33.40268325805664,0.049920001413217084,29504000,1065,27839
462,-52.076466,38.876556,-124.5271,-13.211086,0.0,0.0,0.0,0.0,349.95206,24.0,500.0,-0.18707962,-3.2412517,-0.043330833,-0.0036044654,-2.3705652,1.3452802,0.0036044721,0.008485837,-0.0018223645,-0.0059758993,-1.5985897,0.002931138,80.0,1,0.9980476,2.3399999999999986e-05,-14.5420503616333,33.378116607666016,0.04892200141022851,29568000,1067,27929
463,-45.413876,36.141502,-125.794525,-11.55241,0.0,0.0,0.0,0.0,385.90714,27.0,500.0,-0.17587708,-3.1778765,-0.03528066,-0.00043395834,-2.1918073,1.6712989,0.00043396896,0.0066824122,-0.0014765996,-0.0047492394,-1.6192001,0.0025311583,80.0,1,0.999151,2.2799999999999985e-05,-14.521992683410645,33.35270309448242,0.047923999510213075,29632000,1069,27838
464,-43.187557,34.567917,-135.44485,-13.683,0.0,0.0,0.0,0.0,399.7647,24.0,500.0,-0.16903922,-3.2727187,-0.022879608,-0.0003817325,-2.484613,1.1257889,0.00038173012,0.0050889067,-0.0011911867,-0.0033628633,-1.6402451,0.002218216,80.0,1,0.99884367,2.2199999999999984e-05,-14.501622200012207,33.32694625854492,0.046926001266461875,29696000,1072,27816
465,-46.679066,37.344616,-137.23973,-11.591505,0.0,0.0,0.0,0.0,384.17987,30.0,500.0,-0.17942385,-3.4394286,-0.033664912,-0.0014747398,-2.4531863,1.7686539,0.0014747563,0.007976241,-0.0015285956,-0.005378113,-1.6617415,0.0025753905,80.0,1,0.998648,2.1599999999999983e-05,-14.482366561889648,33.30186462402344,0.04592799796933903,29760000,1074,27775
466,-49.0048,38.644775,-122.52716,-12.82777,0.0,0.0,0.0,0.0,361.12766,26.0,500.0,-0.1864939,-3.2297146,-0.03905192,-0.00046253751,-2.4375715,1.215288,0.0004625533,0.006606944,-0.0014587238,-0.004378561,-1.6837107,0.0024742747,80.0,1,0.9995266,2.0999999999999982e-05,-14.463354110717773,33.277400970458984,0.044930004744515896,29824000,1076,27789
467,-39.86213,33.25943,-126.88559,-12.187727,0.0,0.0,0.0,0.0,410.26315,24.0,500.0,-0.16323043,-3.353668,-0.054521114,0.002554308,-1.9853194,1.2648445,-0.0025542995,0.0034371505,-0.0009374766,-0.0022454471,-1.7061731,0.0019162514,80.0,1,1.0009204,2.0399999999999984e-05,-14.442160606384277,33.25167465209961,0.04393199999583879,29888000,1078,27800
468,-51.92042,37.930542,-111.426704,-13.599417,0.0,0.0,0.0,0.0,352.48904,25.0,500.0,-0.18192413,-3.421447,-0.055597752,-0.0033893704,-2.6235535,1.2177947,0.0033893748,0.009123877,-0.0016897079,-0.0064322613,-1.7291526,0.0028690519,80.0,1,0.9989469,1.9799999999999983e-05,-14.42367935180664,33.22705841064453,0.042933996132810105,29952000,1081,27786
469,-40.576893,34.261147,-139.50375,-12.337257,0.0,0.0,0.0,0.0,407.45865,24.0,500.0,-0.15639712,-3.305302,-0.0340005,-0.001366751,-2.3303268,1.6069877,0.001366755,0.0047413255,-0.0011134751,-0.0031370209,-1.752672,0.0021781398,80.0,1,0.99815893,1.9199999999999982e-05,-14.402924537658691,33.20155334472656,0.04193600161895232,30016000,1083,27811
470,-44.43811,35.961998,-134.47246,-14.377995,0.0,0.0,0.0,0.0,391.5435,29.0,500.0,-0.16799451,-3.4471407,-0.030450739,-0.0023099256,-2.3760083,1.2229385,0.0023099305,0.0053951396,-0.0012481905,-0.003762059,-1.776758,0.0023358394,80.0,1,0.9991422,1.8600000000000015e-05,-14.38334846496582,33.176456451416016,0.04093799834568984,30080000,1085,27814
471,-42.663765,34.095528,-132.30074,-12.870989,0.0,0.0,0.0,0.0,404.64493,28.0,500.0,-0.1689309,-3.358547,-0.031215966,-3.93579e-05,-1.934322,1.9320678,3.9353967e-05,0.0059372913,-0.0013646798,-0.004050279,-1.8014392,0.0027369817,80.0,1,0.9985708,1.8000000000000014e-05,-14.363502502441406,33.15114212036133,0.03993999930547052,30144000,1088,27796
472,-44.55284,35.583084,-141.85088,-12.776304,0.0,0.0,0.0,0.0,392.25,26.0,500.0,-0.17804474,-3.495901,-0.05061634,0.001226185,-1.9009914,1.911274,-0.0012261891,0.0055714664,-0.0013069776,-0.004009394,-1.8267438,0.002225407,80.0,1,1.0000265,1.7400000000000013e-05,-14.343998908996582,33.12601852416992,0.03894199681356382,30208000,1090,27884
473,-48.338036,37.43319,-108.76447,-12.788549,0.0,0.0,0.0,0.0,365.84396,28.0,500.0,-0.18297797,-3.3188756,-0.043004893,0.000337228,-2.0990486,1.0734348,-0.0003372208,0.004245838,-0.0011486108,-0.002859681,-1.8527051,0.00212043,80.0,1,0.99903965,1.6800000000000012e-05,-14.325058937072754,33.1016731262207,0.037944000507593494,30272000,1092,27821
474,-45.410095,36.641174,-121.33993,-12.355319,0.0,0.0,0.0,0.0,382.56616,25.0,500.0,-0.1711026,-3.2974718,-0.043629266,-0.0013064523,-2.42648,1.2736692,0.0013064413,0.0074164737,-0.0015367048,-0.005360732,-1.8793596,0.0028814774,80.0,1,0.99908864,1.6200000000000014e-05,-14.305877685546875,33.07706832885742,0.03694600036080035,30336000,1095,27814
475,-47.194775,38.15161,-169.49112,-13.027013,0.0,0.0,0.0,0.0,378.96454,25.0,500.0,-0.18615106,-3.381742,-0.040388167,-0.0002400161,-2.2727187,1.6653142,0.00024000797,0.0055351015,-0.001283047,-0.0036907154,-1.9067439,0.0023755624,80.0,1,0.9987937,1.5600000000000013e-05,-14.287521362304688,33.05252456665039,0.035947996562151426,30400000,1097,27622
476,-42.6278,34.73754,-147.51175,-12.971241,0.0,0.0,0.0,0.0,400.72263,27.0,500.0,-0.16581659,-3.2769349,-0.049975276,-0.0002555614,-2.6143215,1.5896529,0.00025556528,0.0059609967,-0.0012387594,-0.0042032357,-1.9348983,0.002302428,80.0,1,1.0000628,1.5000000000000012e-05,-14.267895698547363,33.02759552001953,0.03495000123989559,30464000,1099,27780
477,-40.134335,32.761032,-109.81094,-12.919811,0.0,0.0,0.0,0.0,411.7353,23.0,500.0,-0.16137479,-3.2541733,-0.04689488,8.055514e-05,-2.1468892,1.0552573,-8.055952e-05,0.0035930923,-0.0009912285,-0.0022960878,-1.963869,0.0020065377,80.0,1,1.000001,1.4400000000000011e-05,-14.247550010681152,33.00251007080078,0.033952000792464326,30528000,1102,27765
478,-41.203545,34.21434,-110.02987,-13.6629095,0.0,0.0,0.0,0.0,403.06766,27.0,500.0,-0.16055453,-3.5736525,-0.025249213,-0.0007206181,-2.351182,1.589551,0.00072061457,0.0047576763,-0.0011421114,-0.0033845417,-1.993704,0.0021608304,80.0,1,0.9988701,1.3800000000000012e-05,-14.22760009765625,32.97762680053711,0.032953997099568554,30592000,1104,27812
479,-42.1339,34.57628,-128.53607,-13.709024,0.0,0.0,0.0,0.0,402.32825,25.0,500.0,-0.16100879,-3.4890285,-0.054144338,-0.0025436229,-1.7951033,0.82732284,0.0025436154,0.004603676,-0.0012161023,-0.0032393038,-2.0244563,0.0022449328,80.0,1,0.9985319,1.320000000000001e-05,-14.207948684692383,32.95280075073242,0.03195599827938985,30656000,1106,27818
480,-45.59842,35.813274,-123.531654,-12.063991,0.0,0.0,0.0,0.0,385.83823,28.0,500.0,-0.16961499,-3.3258922,-0.045959227,-0.002584694,-2.1852117,1.4442323,0.0025846933,0.004948444,-0.0011925662,-0.0033962927,-2.0561848,0.0025210814,80.0,1,0.99808645,1.260000000000001e-05,-14.189176559448242,32.928409576416016,0.03095799843775875,30720000,1108,27826
481,-46.2174,36.791615,-123.670494,-13.534111,0.0,0.0,0.0,0.0,376.0,25.0,500.0,-0.18103793,-3.385659,-0.0034195557,0.0005947348,-2.390357,1.3368888,-0.00059473363,0.005445472,-0.0012910079,-0.0037160886,-2.088953,0.002549828,80.0,1,0.99948543,1.2000000000000009e-05,-14.170584678649902,32.904296875,0.029959999656289846,30784000,1111,27823
482,-48.115234,37.963818,-108.091324,-12.919322,0.0,0.0,0.0,0.0,362.88406,26.0,500.0,-0.17953794,-3.3202791,-0.039566025,-0.0005392863,-1.5836926,1.1702931,0.00053927343,0.0034793522,-0.0010127446,-0.0021287198,-2.122833,0.0021722007,80.0,1,0.9989705,1.140000000000001e-05,-14.152295112609863,32.88051223754883,0.028961998738291105,30848000,1113,27926
483,-45.750103,37.1339,-134.97931,-14.372084,0.0,0.0,0.0,0.0,382.48148,25.0,500.0,-0.17328344,-3.3479369,-0.033901192,-0.0005849712,-2.0711188,1.2581433,0.0005849702,0.004405937,-0.0011052669,-0.0028938518,-2.1578982,0.0023157946,80.0,1,0.99949795,1.0800000000000008e-05,-14.133868217468262,32.856380462646484,0.027964000253860713,30912000,1115,27859
484,-40.323914,32.22493,-109.808495,-12.491406,0.0,0.0,0.0,0.0,414.7926,29.0,500.0,-0.1556068,-3.2405443,-0.04127512,-0.0011067572,-2.5282793,1.6642325,0.0011067495,0.0074870363,-0.001426664,-0.0054537216,-2.1942406,0.0024750964,80.0,1,0.99887764,1.0200000000000007e-05,-14.1143159866333,32.83155059814453,0.026965999303679832,30976000,1118,27832
485,-42.800022,35.19345,-144.23494,-11.283671,0.0,0.0,0.0,0.0,402.76865,26.0,500.0,-0.1670455,-3.2947516,-0.044239566,-0.0020734405,-2.619535,1.4641161,0.0020734342,0.007521258,-0.0015690227,-0.0051310556,-2.2319524,0.0027492917,80.0,1,0.9983075,9.600000000000008e-06,-14.095669746398926,32.80711364746094,0.02596799786719903,31040000,1120,27797
486,-50.825817,38.6326,-125.17072,-13.1953745,0.0,0.0,0.0,0.0,353.4236,25.0,500.0,-0.18133828,-3.3104074,0.004376024,-0.00526451,-2.5428648,1.4979001,0.005264513,0.008785525,-0.0017133604,-0.0064149117,-2.2711408,0.0026545967,80.0,1,0.99890655,9.000000000000007e-06,-14.078373908996582,32.78401184082031,0.024970000220420632,31104000,1122,27771
487,-44.450714,35.631344,-107.79847,-11.944512,0.0,0.0,0.0,0.0,386.0,26.0,500.0,-0.17378409,-3.3306062,-0.023213863,0.0012117712,-2.3475695,1.7513406,-0.0012117757,0.004375482,-0.0010442805,-0.002899335,-2.31193,0.0019072667,80.0,1,0.99957454,8.400000000000006e-06,-14.0595703125,32.7598991394043,0.02397199952081089,31168000,1125,27807
488,-43.46268,34.892284,-129.96849,-12.471377,0.0,0.0,0.0,0.0,399.09354,28.0,500.0,-0.17320915,-3.3526826,-0.04722792,-0.0011889185,-2.1659806,1.3221855,0.0011888896,0.006343159,-0.0013386759,-0.004572318,-2.3544538,0.0024075615,80.0,1,0.9991337,7.800000000000007e-06,-14.041301727294922,32.73581314086914,0.022973998547789472,31232000,1127,27777
489,-42.64367,34.519314,-108.531685,-13.117286,0.0,0.0,0.0,0.0,399.37225,27.0,500.0,-0.17250784,-3.5722857,-0.050318547,-0.0014099521,-2.2024114,1.4468331,0.0014099608,0.0064290212,-0.0014239699,-0.0042495066,-2.398865,0.0022472423,80.0,1,0.99917287,7.200000000000006e-06,-14.022882461547852,32.711570739746094,0.02197599986026149,31296000,1129,27786
490,-44.19141,35.96057,-131.81575,-14.353029,0.0,0.0,0.0,0.0,391.70895,24.0,500.0,-0.17205863,-3.4750688,-0.034017835,-0.001394392,-2.511328,1.6038247,0.0013943877,0.006249626,-0.0013269315,-0.0042827036,-2.4453428,0.0023448344,80.0,1,0.99827033,6.600000000000005e-06,-14.004773139953613,32.68775177001953,0.020978001475604153,31360000,1132,27817
491,-51.262695,39.44695,-126.19328,-12.806265,0.0,0.0,0.0,0.0,345.85236,28.0,500.0,-0.19379537,-3.7223601,-0.02061078,-0.0039334116,-2.3200407,1.1067681,0.0039334204,0.0067306636,-0.0014838455,-0.0046554767,-2.494085,0.002447859,80.0,1,0.9988984,6.000000000000004e-06,-13.988140106201172,32.66520690917969,0.019980000677910507,31424000,1134,27842
492,-46.739494,37.578815,-131.86642,-14.536701,0.0,0.0,0.0,0.0,377.33572,28.0,500.0,-0.1831831,-3.485936,-0.04556217,-0.0017419461,-2.6292455,1.3643483,0.0017419609,0.00734346,-0.0015428133,-0.005003719,-2.545326,0.0024876096,80.0,1,0.99978757,5.400000000000004e-06,-13.97078800201416,32.642059326171875,0.018981999294621917,31488000,1136,27934
493,-46.515972,36.93955,-132.99803,-15.885141,0.0,0.0,0.0,0.0,380.7163,26.0,500.0,-0.18474571,-3.229838,-0.03668247,-0.0011065359,-2.3987412,1.5042815,0.001106523,0.0054772277,-0.0012041533,-0.0035338863,-2.5993342,0.0020836163,80.0,1,0.9987656,4.800000000000004e-06,-13.953499794006348,32.61867141723633,0.017983998714707926,31552000,1138,27843
494,-37.59536,30.20756,-107.963745,-14.136633,0.0,0.0,0.0,0.0,426.86465,26.0,500.0,-0.15928786,-3.3613918,-0.052701257,0.0025010281,-2.1097534,1.4034809,-0.0025010325,0.0041276985,-0.00096448767,-0.0030811976,-2.6564274,0.0017523656,80.0,1,1.000696,4.200000000000003e-06,-13.934029579162598,32.59415817260742,0.016985996321201104,31616000,1141,27835
495,-50.920444,38.247993,-122.4572,-14.961405,0.0,0.0,0.0,0.0,354.34506,26.0,500.0,-0.19196326,-3.6434727,-0.05197698,-0.0009772215,-2.5411334,1.200272,0.0009772526,0.0077168886,-0.0014322399,-0.0053917086,-2.7169783,0.0023302436,80.0,1,1.0003564,3.600000000000003e-06,-13.917435646057129,32.57135009765625,0.015988002050191855,31680000,1143,27838
496,-44.71134,34.8311,-123.49929,-14.941006,0.0,0.0,0.0,0.0,392.9635,27.0,500.0,-0.17654172,-3.8151839,-0.050809287,-0.0020496876,-1.7607095,1.4335916,0.0020496915,0.005515728,-0.0011860443,-0.004014222,-2.7814333,0.0019079308,80.0,1,0.9992522,3.000000000000002e-06,-13.899765968322754,32.547664642333984,0.01499000336704062,31744000,1145,27848
497,-51.17741,38.435898,-109.024925,-13.380555,0.0,0.0,0.0,0.0,350.64865,24.0,500.0,-0.20321548,-3.2301807,-0.04822407,0.0012529982,-2.1990116,1.3694898,-0.0012529814,0.006861169,-0.0013023356,-0.00464777,-2.8503304,0.0019269851,80.0,1,1.000246,2.400000000000002e-06,-13.883605003356934,32.52518081665039,0.013992001047520769,31808000,1148,27825
498,-43.784866,35.746353,-130.85544,-13.826379,0.0,0.0,0.0,0.0,392.05035,24.0,500.0,-0.1804051,-3.441845,-0.04629764,0.0007907213,-2.48553,1.3912003,-0.0007907003,0.007958908,-0.0013024956,-0.0052613625,-2.924328,0.0018353935,80.0,1,1.0004455,1.8000000000000014e-06,-13.866033554077148,32.50180435180664,0.012994001633708428,31872000,1150,27831
499,-49.51787,39.055424,-117.11391,-12.309784,0.0,0.0,0.0,0.0,354.1079,27.0,500.0,-0.1836577,-3.302671,-0.043433033,-0.0023882475,-2.3663216,1.3310721,0.0023882454,0.0062213116,-0.0010902989,-0.004273291,-3.0042436,0.0015469862,80.0,1,0.9992743,1.200000000000001e-06,-13.849102973937988,32.47931671142578,0.011996000089307096,31936000,1152,27797
500,-43.42292,35.506413,-111.37371,-12.644422,0.0,0.0,0.0,0.0,390.6259,30.0,500.0,-0.17037725,-3.7814763,-0.024839208,-0.0016313281,-2.436523,1.0600221,0.0016312976,0.005402018,-0.0008634207,-0.00378351,-3.091103,0.0012699892,80.0,1,0.999852,6.000000000000005e-07,-13.831275939941406,32.456111907958984,0.010998001398746784,32000000,1155,27840
