-103.48475
-24.61549
-24.033129
-103.80108
-20.462954
-12.203954
-9.795201
-9.574134
-13.83559
-104.261
-106.918816
-25.809546
-25.342785
-15.963847
-104.1127
-107.416695
-104.53613
-22.668049
-104.62516
-24.163794
-105.37067
-12.827677
-103.7859
-24.60891
-104.58091
-12.631714
-106.07766
-19.732592
-31.607626
-103.912994
-16.877325
-105.15669
-27.36241
-105.055885
-18.835608
-19.434128
-21.076944
-29.02425
-106.33372
-103.59913
-22.742723
-16.059668
-104.202515
-21.480864
-22.424541
-16.743261
-25.702524
-23.408339
-106.767586
-20.475283
-107.520645
-106.67949
-105.79815
-104.5934
-10.391773
-20.058252
-18.130133
-16.360344
-12.275868
-22.846466
-22.540297
-107.87451
-21.25721
-16.619158
-30.02459
-8.4148855
-13.30827
-105.86523
-104.77508
-17.955652
-15.7989235
-13.564064
-107.908066
-14.47418
-24.522203
-14.437706
-12.08815
-103.6892
-17.122068
-16.793224
-104.70615
-11.336871
-17.24141
-13.114264
-30.782894
-13.901404
-105.19228
-107.79089
-105.94737
-105.815575
-16.596918
-108.136765
-11.855255
-12.65039
-103.822426
-104.38147
-32.548565
-15.014527
-17.905392
-106.12706
-104.06912
-18.11823
-20.929314
-103.86313
-104.88197
-22.576471
-17.331581
-105.663376
-17.566113
-104.52315
-103.62251
-104.94794
-103.09398
-106.08722
-21.325165
-106.63244
-23.64546
-34.593655
-24.83039
-16.36935
-105.78385
-14.749098
-15.819711
-18.58707
-106.16707
-107.54634
-26.26431
-21.524527
